toocooltohavefriends,3876
6hikki,10966
futeetee,13065
toonaive,17614
huang-liang-81-77,50348
imWangchu,342890
evenstar,264363
jacquelineli0228,703
yu-yi-duo,350349
gabrielgao,84522
zhoumengmeng,22343
xushiyuzhihu,42580
minli,6140
qian-shui-de-yu-32,31766
fu-hong-xue-52,20859
loveanxiaoyu,4091
justiceforall,136759
cogito,295762
san-chong-bu-tong-de-hong-se,52726
scarlettwei,126303
