clickstone,3822
interjc,1820
mikegan,93
da-xiong,6595
fabsqrt,3682
WangYangSky,2524
chen_1st,2101
burado,5111
yangbo,131455
justineo,129322
hemon,74
songjian,11264
liucundong,2270
betttong,510
allenzhang,74488
woodywang,382
caicai-69,33
daxiongmao06,282
stardust,102
huzhenghui,301
