ben-ma-ma-79,1
zai-ye-bu-hui-huan-xiang-liao,0
zai-lu-shang-67-24-26,0
piao-piao-2-56,0
master-photon,2364
chun-mian-44,4
wu-mian-leia,1119
an-bian-de-ren,34
hu-ran-ru-guo,102
hun-li-zhu-ti-ming-cheng-she-ji,121
Haymei,12
Joe891123,24271
yang-ye-chang-74,6
hai-ba-4,20
chu-xin-ke-ting,154
