finallyly,7
catya-7,1
jin-yuan-32-36,23
wen-tu-64,15
zhen-ying-99,78
mao-wei-10,47
chen-zhi-han-43,8
skylineTan,19
wang-shi-chao-15,0
tian-xin-54-47,196
xiao-wan-zi-22-32,2
wang-nuo-nuo-59-61,14
yilu-ji-guang,3
kevin-ren-92,167
wang-xiu-ling-72,7
echo-lv,6
binhe22,2298
imtiesen,573
huang-jun-yu-73,127
wei-hong-xin,695
an-tai-ge,81
tinyma,14
bu-er-qing-long,7422
zhou-li,3793
li-wei-86,25
zhuixinjian,2575
tuan-dui-hui,851
li-hu,46
sunsn,206
