aixiaodedoubi-1,1182
mai-ma-hua,0
xiao-wei-41,3
chen-chen-wo-de-bao-bei,0
absinthe7,15
xu-sheng-96-88,3
la-mian-raymond,1
sui-wei-95-77,0
xu-rui-75-24,0
sift-32,0
yang-liu-37-23,28
duo-yu-de-ling-xian,1
ai-zai-38,4
lu-zi-yan-94,9
ping-guo-ma-90,12
guo-rong-77-23,0
zheng-peng-fei-61-68,261
mi-bu-you-chu-xian-ke-you-zhong-7,4
kai-xi-3-10,1
