cai-xiao-mu-20,2
ge-ji-ji-ji,638
yang-tian-gang-33,483
jerry-zhang-34,674
wang-shuo-40,328
