qi-xiu-yuan-xi-59,5
wang-rui-xing-93,0
xia-wen-yuan-tong-xie,1
hanliang-31,6
sou-er-97,11
kong-zhao-yang-49,113
wang-xiao-bo-42-16,5
ai-chi-ju-zi-de-yu-51,26
liu-xiao-dong-66,2
roseinflower,15
zi-qian-11,1
sun-68-57,13
biubiubiu-8-70,7313
zhou-qin-yi-37,8
sunshine1997-51,13
hong-zhang-13,32
xun-bu-fan,40
airoud,0
glennshu,0
nancy-93-9,0
chi-mo-55-53,3
mike-42-54,0
li-jing-73-32,3
polly521,0
po-yang-jun-wang,0
kou-kou-kou-59,1
bao-cguai,0
tang-mi-81-52,8
a-luo-85-47,1
musig-aki,21
pi-te-shi-liu,80
ha-ha-ni-hao-66,1
liu-ming-xu-7,9
lan-zhou-1,6
jjf-wak,14
yu-jian-92-65-20,2
yu-zhou-zi-1-30,0
raymond-fan,4
qiu-qing-qing-8,3
23446667778,25
jiang-shan-83-40,203
li-lei-46-76,137
betaknight,172
wang-si-fan-46-48,4
lian-he-guo-mi-shu-chang-27,4
chen-shuang-84-49,3
bi-ti-pao-shao-nu,2
li-zhi-64-95,11
mi-tang-98,1
hao-jiu-bu-jian-25-73,2
fei-li-16,5
rong-li-liang,0
ge-sheng-huan-xi-1,5
shi-jie-shang-zui-mei-de-nu-ren-22,0
bu-chi-cu-20,0
ran-mei-er-qi-shi-hen-ke-ai,4
leeye-31,10
ming-zi-bu-hao-qi-80,7
xie-han-47-47,0
aaaaanuojin,0
xuan-zhi-you-xuan-53,0
yeonbo-81,0
luo-hua-wei-wen-zhu,0
silvia-8,2
hhhhuang-9,0
qie-deng-sui-guang-xian-ying-liu-nian,10
jin-xiao-meng-35-17,172
xiao-yang-3-70,1101
gmq0622,214
an-de-lu-du,10
zhao-si-an-76,10
kimdongmyung,269
jocelin-80,255
wu-wen-tao-13-79,1
jeremy-23-31,0
du-xie-piao-ling,10
yeh-lon-yan,0
zhang-yu-hao-73-24,12
aquamarine183,3
chiwing-leung,33
zou-yan-cai-61,21
shinah,1
kimwy,0
da-feng-chui-a-chui-14,0
li-jie-47-86-80,18
cysue,0
taiyou,0
mu-xie-31-35-29,0
yolanda-61-75,0
zhang-zi-qi-62-82,2
xi-da-ren-84,2
jucy-31-3,1
da-ka-29,31
haidaipaigu,43
jiu-ri-bao-3,0
yuan-zha-blue,7
yu-su-mu-67,3
xi-dong-dong-10-8,0
wang-xuan-ce-82-17,135
haining-fu,2
