li-zhi-peng-81-18,38
zhang-lin-feng-51-20,35
xiao-vzhu-kao-pu-xiao-qing-nian,5
li-xin-xing-81,7
snaker-zhang,26
shi-wei-yang-3-93,0
li-bo-kun-40,27
zou-tong-xue-a,3
bian-shen-33,12
hve-1,1
zhao-xiao-fan-54,11
