caigaoxiong,7
mengtoy,2735
jixin,862235
