zi-zai-da,1
wang-qing-chen-43,90
dao-dao-80-25,0
yuan-ting-23-18,17
zi-wei-17-21-88,0
robbie-12,8
jiu-jiu-yi-55,0
yi-xie-zhi-zhou-41,0
chai-tai-yun,0
foxmorning,0
silver-lv,0
dao-shu-di-yi1987,1
qiu-shui-48-88-99,0
yu-ni-jiang-38-39,0
yutianqing,146
tinozama,9
meng-lin-72-13,0
lai-fu-xiao-ni,9
lian-po-zai-mao,0
lin-qing-qing-92-36,1
