ni-fa-shao-de-feng-93,0
lu-xin-juan-16,0
m-r-23-12,0
ye-jiang-62,0
lu-yue-22-82,5
ciki-84,0
wang-xian-xian-83,0
chen-jing-yan-71-48,21
mi-fei-si-92,0
mo-wang-89-75-61,0
da-qiu-de-cao-mei-ban-yun-gong,0
lsfchirs,0
shuang-zhi-ai-shang-45-70,0
wwwwwww-98-70,1
xiao-yu-yu-33-55,0
da-da-di-ma-ti,0
hei-si-dadada,0
jing-29-22,0
ding-xiao-ding-93-63,1
wei-wen-19-40,0
