diao-yu-dao-zhu-53,5
wang-feng-39-14,267
tai-ni-mi,0
xiao-zuan-feng-51-3-26,0
lao-mao-de-xia-tian,0
huang-mou-ren-22,0
wo-zou-zhi-ke,2
xie-san-niang,573
palsh-oh,78
jin-qian-69-94,0
qing-qing-zi-jin-37-19,0
hei-zi-73-2,0
xue-hu-2007,0
niu-rou-dan-chao,0
dong-xiao-yang-6,3
