cai-yi-89,57
xianglanshuijinjun,3
ju-chang-8-1,44
zi-se-12-77,0
ai-zai-ji-yi-zhong-zhao-ni-cbb,2
chen-ci-21-54,0
wen-qing-ai-zi-xuan,81
kong-ge-58-48-84,3
ke-han-83,15
roc-yao,44
e-liao-de-she,4
zhang-dong-feng-85,5
xly-83-35,0
yang-ting-he,4
jia-fei-28-90,0
fu-chen-66-17,0
wang-xiao-mang-17,3
tiffany-14-23,2
wen-hua-21-60,0
patriciating-a,0
tai-xiang-xin-73,18
lai-kan-kan-74-79,1
rockhan,64
qia-li-ke-30-45,0
kong-tong-97-1,2
