wang-jin-xin-37-44,4
feng-shen-77-31,1
xiang-wan-yin-70,24
zi-yan-12-30,0
cong-nan-dao-bei-33-11,2
zhang-zz-28-29,0
guai-shou-tnt,1
ni-hao-xi-da,11
yun-xiao-li-13,0
shao-nu-de-qi-dao-24,1
xiao-wang-75-14,13
jiang-you-yue-88,197
lei-ge-26-13,0
byh529,0
kong-ji-yu-91,0
zhang-yu-73-21-8,11
shi-qi-20-65-54,1
ttl-46-61,1
feng-lin-wan-26-12,1
jennifer-tang-5-11,0
zhuo-zhuo-30-47,0
ju-ni-32,0
yu-xian-sen-13-56,0
xun-xiang-suo-zhi-fu-de-lu-81,2
xiao-mo-shi-jian-de-jiang-you-ren,0
jiang-bei-san-lang-38,0
wang-di-18-2,32
yike-cai-99,3
lumen-z,161
yichang-da-yu-67-78,0
luo-na-er-duo-99,3
mao-rong-rong-mao-mi-cary,1
chen-tian-wen-11,1
xiao-liu-66-54,2
hehe-12-7,1
zhou-a-yi-ayi,0
zhang-soukera,2
zi-fei-yu-24-83,5
li-kery,2
wang-feng-jiao-29,1
asa-41,0
andrew-70-76,0
dixxie-mu,18
liu-ya-nuo-14-34,0
ma-la-duo-na-ta,36
yueyangzwt,5
ceng-li-shan-lan,0
hua-yu-61-54,33
YM.COM,9
xiaoli-sun,11
li-jin-88-72,1
shawnmichael,1517
wo-hen-hao-xie-xie-50,0
bo-cai-zhong-chang-13-23,10
moreyu,66
chi-wu-25-45,5
mu-zi-36-66-7,0
bu-xiang-chuan-nei-ku-21,1
slcz-49,1
da-bei-ru-lai-20,2
yuan-die-47,0
shi-e-bu-she-55-15,0
bai-bai-39-35,0
tian-long-omg-65,0
guo-liang-liang-73,1
duan-qiao-bu-duan-91,1
suo-chang-bie-kai-qiang-shi-wo-98-55,0
su-su-qian-64,0
li-jin-song-83,0
a-bing-6-18,21
qi-ye-nan-mian-36,18
shahwai,0
shui-qing-you-qian-qing-huan,16
yao-yu-feng-25-93,17
meng-yi-4-24,53
feng-zhi-ying-32-10,22
qi-xiang-yi-ge-qi-jiang-62,16
wu-ya-guan-guan-zhu-67,13
yangmiemie-47-61,18
wang-jie-55-27-32,20
qi-qi-87-22-2,15
ren-sheng-bu-yi-sheng-huo-liu-xin,20
wu-you-85-83,17
hu-lin-80-61,14
wa-li-51-56,21
pi-li-pa-la-58-25,13
ivyming-tian-54,13
mi-qin-30,21
immunize-66,22
hai-kuo-tian-kong-19-26-13,23
han-fan-19-11,25
dui-chang-bie-kai-qiang-wo-shi-di-dan-19,15
chen-meng-meng-43-25-53,20
dan-shi-96-98-28,44
christopher-15-99,25
jenny-78-86-60,20
zhu-yu-9-95,20
lan-si-39-73,18
hui-fei-de-feng-zheng-44-76,51
kzxh,12
yi-zhi-mao-nu-80,19
wang-jian-qiang-20-37,19
smiling-36-9,15
shane-h-61,20
9746xiao-yuan-88,55
yun-yi-ming-73,20
wang-yi-cang-3,23
cheng-zi-yun-10-38,18
chad-young-54,31
mei-mei-de-79-84,23
0769586871-44,18
jian-yuan-bo-sheng,17
li-si-mei-12-15,18
lin-lin-zong-zong-66-8,18
jue-liao-91,13
xiao-shi-jie-46-85,21
zhang-lin-63-65,18
okfan-fan-fan-26,14
nan-cheng-yi-bei-13-13,11
zhu-heng-cheng-5-88,20
shi-qi-san-san-9,11
pan-pan-73-5-2,17
xin-ru-hua-mu-17,22
sha-zhi-40-29,24
shui-guo-xian-sheng-17,58
xie-lang-94-49,20
guai-tai-70-76,19
sha-da-jie-50-7,19
dear-john-91,12
liu-qi-xuan-71,16
qing-hui-da-1998-16,15
eleven-48-9,17
du-feng-dan-59-77,12
bing-ming-wei-ling-66,16
ceng-xin-ning-10,22
liang-ruo-bai-7-11,21
lin-lin-39-7-91,22
fickr-sungsun-qi-cheng,15
yi-ke-xiao-bai-cai-85-22,21
jin-xin-jin-69,19
wang-tao-19-58-79,11
he-wu-di-20,19
ji-tu-6,22
nan-cheng-bei-zou-34,22
hll-71-66,15
sui-bo-65,78
li-zhi-jie-15-49,21
gong-chang-hu-san-26,17
zach-huang-71,19
daner-41,22
magiclogic-64,23
livliv-40,21
gu-li-11-15-15,27
qing-jue-8-91,20
liu-ze-yu-16-68,17
qing-tian-6-80-83,23
tai-yang-yu-11-12,20
liu-bei-38-68,19
xia-xiao-yao-9-1,23
zhi-zhi-wei-zhi-zhi-hu-50-78,19
deng-deng-deng-98-38-66,18
yuyu-83-47,24
geekdu-36,23
piao-liu-ping-63-91,23
xie-zhi-yao-12,21
spaceless-85,15
mi-xue-er-74-19,19
zhang-hui-zong-77,26
jian-la-ji-zhi-wang-67,16
xiao-ping-gai-la-la-la,20
miggief,19
da-bei-ru-lai-7,23
san-qian-wen-70-13,23
tao-zi-wei-de-shu-pian-67,22
he-mo-sha-30,16
leng-huan-94,26
duo-lan-79,17
chen-can-43-85,22
wei-wei-yi-dian-rain,19
abbie-lin-61,21
sunshine-8-37-87,16
zhang-meng-yu-14-67,23
ba-ji-yi-kou-xxxxhao-liao,16
flamingo-38-6,13
bucky6,0
yi-mu-80-44,22
mao-xiong-dui-chang-24,16
mceasonz-39,21
hui-90-51-75,19
li-an-96-9,18
bi-ge-xing-er-67,21
jack1captain,19
cao-mei-wei-er-de-93,15
dwvdch-7,12
rella-wei,21
stcurry30,18
wu-jia-yan-11-96,17
xin-ba-de-de-xie,20
zhi-xi-ban-de-cao-zuo-92,20
xiao-feng-99-74-1,21
yong-bao-74-57,21
zhou-jia-76-9,23
hao-33-44,14
lou-zhi-nan-40,21
tang-zhao-yi-tiao-yu-44,20
la-la-mao-59-76,28
yi-ge-shao-zi-67,39
hou-hou-hou-huang-bu-bu-14,23
xi-wo-zhe-ye-23,24
nie-ba-ba-yo-26,16
xiao-fang-zi-76-22,10
nong-mei-xiao-yan-29,5
xiao-tie-chui-39,24
qin-wen-wo-81,17
yu-hong-xia-36-48,19
xu-yao-jun-61-65,14
zhang-hao-46-2-11,11
da-zhong-qing-ren-64,10
ai-xin-46-13,148
li-han-93-91,1
lu-nu-zuo,0
wang-shun-you-20,0
chao-sheng-chong,1
li-fang-ni-2,0
jing-jing-jing-jing-jing-jing-4-24,0
xia-duan-yan-96,1
hua-bai-jing-dong-bai-tiao-zhao-wo,0
lan-lu-yan-82,0
li-wei-sen-34,0
zan-zhen-mu,0
miyo-76-86,0
jiang-yan-zi-2,0
guo-yu-wan-30,0
de-lin-70-64,0
bian-wei-de-qiu-bo-cai,0
rong-yan-jia-7,1
yi-ge-sui-yi-de-liu-zi,0
bobolee-5,0
wu-yuan-yi-19,0
shi-jun-xiao-15,1
jiang-qing-nuo-74,1
rong-cong-han-97,1
wei-she-jiao,0
yun-lu-lan,0
meng-si-wan,1
yu-chou-pu,1
ye-chen-28-20,0
ding-peng-kuang,1
mie-yun-yong,0
rong-pi-lan,1
ding-shuang-yi,0
miao-yun-yan-97,1
yu-qing-ning-44,3
meng-mai-chuan,0
yun-yu-you-83,1
fan-chai-shi,1
ti-gan-she-jing-51,0
he-ai-de-qaz-81,0
shi-yi-ru-63,0
hang-zhou-ceng,0
niu-ai-ling-84,1
ba-shen-54-18,0
shadowgg-46,1
zhuang-tong-zhi-86,1
quan-bei-han,1
feng-mo-kuang,19
zmw-2,2
su-jin-an-37-98,0
he-huan-rou,1
rui-jun-ji,0
fei-xiang-tian-kong-41,1
wei-ji-jian-49,0
xu-jin-li-28-30,0
yin-hui-shu-61,0
wo-chong-1,0
ji-jiong-de,0
kuai-yi-qi,0
lin-bei-zhuo,0
zhu-jin-piao-7,0
yi-shi-kai-57,0
wu-yu-feng-23-63,0
huan-feng-ying-4,0
jiang-he-zhen-97,0
chu-sha-hui,0
cao-mei-wei-er-de-73-83,0
cen-gui-wei,1
tian-qi-zhuan-liang-guo-de-huan-hao-76,1
ji-bian-pin,1
bao-shu-yi-66,1
cola-5-37-93,0
chu-han-pi-39,1
kou-jun-xian,1
yan-yong-shou-4,0
yu-zhen-yu-77-38,0
lai-jiao-yi-95,0
diao-shi-cang,0
zhan-qi-lan-28,1
yu-jie-jin-40,0
mie-zhu-qing,0
ji-chun-lei-44,0
song-qing-di-59,1
wei-xuan-chang-7,0
yi-ji-pan,1
tang-qing-cheng-25,0
chi-zao-fan-de-xiao-qi-15,0
zang-lu-kai,1
peng-ke-rong-43,0
ying-tao-xuan-58,1
ju-yi-yu-45,1
ao-quan-pi,1
xue-gao-hua-la-17,3
xing-qian-jia,0
xin-ling-ai-29,0
pei-rui-hua-81,0
lu-xiao-mao-47-57,0
gong-huan-wen-94,1
chou-xiang-yun,1
gong-hao-mian,0
he-ou-bian,1
zhi-xiang-43-71,0
wu-huan-ya-2,0
qu-huan-xie-82,0
luo-ru-han,0
feng-die-yan,1
xi-dian-sa,0
diao-lai-wei,0
rong-chun-yan-88,1
gong-cu-kui,0
li-mi-chi-45,1
yuan-wei-bao-45,0
you-xi-xu-6,1
yuan-bao-bei-61-53,0
li-yu-teng-53,0
hou-feng-xue-51,0
xia-yu-chan-90,1
zhen-jing-wan-98,1
shu-li-chai-94,1
hu-feng-xu-1,1
qi-juan-zhu,1
hui-yi-qi-54,0
like-yang-62,1
guan-meng-miao,1
zou-rou-tong,1
huo-ma-chong,2
yan-rong-hui-55,0
zzn-3-66,1
kong-shen-95,1
dai-yue-si,1
hong-jiao-zhen,0
xi-kuan-duo,2
song-hou-pin,1
qi-chun-jiao-55,1
krypton-99-11,1
lu-rui-shu-20,2
chen-you-zu-87,0
macho-9,0
hong-dai-qing,0
gong-gao-xuan-72,1
chai-lian-xi,0
bian-cheng-zhuo,0
deng-ya-shuang-25,0
shen-chou-lai,0
jiang-hua-yun-1,4
shuang-yan-mei,1
zhang-shao-meng-77,2
han-xuan-liang,0
yang-de-li-48,1
yi-zhi-you-zi-90,1
jiang-ying-lan-73,0
zhu-juan-yan,2
he-ju-lan,0
cong-jie-hui-46,1
pei-li-yu,2
xie-xin-gao-29,3
zai-xian-zong,2
sui-bian-qi-de-50,1
ji-le-hui-67,2
gong-zheng-min,1
nie-jun-jia,1
yi-li-tai,2
li-zhu-hua-25,1
xing-yuan-89-56,2
zhang-li-zhu-91-17,1
yan-zhi-wei-59-89,1
dai-wo-hua-kai-10,1
dai-qiang-zhong,1
guo-qin-xiang-24,1
yun-lu-she,4
xiao-bai-zheng-zai-zuo-shou-si-61,1
xie-feng-tao-93,1
jian-xian-yun,2
dong-fang-wu-ying-3,3
le-tong-yu,1
pang-rui-xi-28,1
arthurtesla-73,1
wei-ru-fu-89,1
qiu-zhi-wan-42,0
tang-fei-ju,1
lu-fen-hui,0
shen-lan-jun-14,1
bian-shuang-xie,1
bai-guo-song-8,3
bai-fei-xiang-63,1
hui-yun-shi,5
xi-wei-,2
yu-ping-mi,1
liu-shan-jing-23,1
pang-ying-qin,1
ji-xiao-jiao-98,3
shui-han-zhe,3
zhui-feng-zheng-de-ren-80-82-56,5
dai-bi-yan-3,2
sin-wen-61-61,1
zhu-qiu-ru-18,1
zhu-bu-tai,1
yan-qing-yi-81,1
xu-zhi-zong-7,0
rui-xiu-ren,2
nian-ru-83,7
li-wei-kai-61-97,2
cao-ru-kan,1
yin-shuai-li,1
lou-bi-chi,0
ni-kuang-jiong,1
gai-juan-chan,1
deng-xian-hong-71,1
mao-yu-shi-70,1
zhu-mei-yao-27,0
gong-ri-chang-26,2
xia-huan-lu-34,1
bo-zhen-xiu,0
jing-mei-yi-49,1
bie-wen-ze,1
ji-rong-fen,5
lao-jian-ang,1
chad-young-65,1
han-yue-lei-63,2
gu-wan-yan-63,1
chou-chou-da-wang-62,1
zhang-ling-yu-35-31,13
li-fei-fei-71-78,8
vivian-21-37-67,4
1111-59-43,3
zhou-meng-mei-17,7
shui-mu-85-24,0
sun-feng-95-97,6
anti-53,0
na-jia-78-28,0
wang-lin-53-85,0
huang-zheng-yun-90,10
zhong-cong-bei,3
shui-yuan-hui,2
niu-jing-80-26,2
ju-cu-fu-37,1
you-zhen-chun,4
tu-yu-ren-54,0
mujin0227,1
mo-zu-zhe,1
ji-qin-xin-79,4
chang-xie-64-15,3
dai-shi-93-73,4
bu-ling-71-95,2
kingkongli,59
qing-chen-de-yang-guang-95,2
ju-shan-58-14,0
ge-zhi-wo-76,0
ai-ai-24-47,0
zhu-si-ting-47,21
xiao-e-yu-10,0
timberjack,4
xiong-xiong-ai-qi-e,1
tech-wenlin,5
carrie-wang-50,0
zhou-miracle,87
kani-31-77,1
jerry-61-99-40,1
ha-xi-xi-77,35
lin-xian-sheng-63-31,0
li-le-zhi-61,13
wu-li-da-zhuan-pan-90,1
..................,380
ocean-liu,15
share-dong,0
daoshiwu,149
guang-hui-49,15
qi-niu-wei-shi,15
chen-wen-90-75,8
wei-yu-ze-17,6
jjhuan-bu-huan-ni-cheng-ni,32
facebookteam,24
melodysmileforever,44
jiandani,21
huo-you-bing,14
ben-xin-he-zai-52,0
jiang-ruo-yu-30-44,2
jason-45-38-6,0
xiao-qi-8-35,1
wang-jin-long-8-80,0
san-shao-san-shao,40
liu-ze-yong-74,2
qiu-yanan,16
wang-you-qian-12,4
jon-snow-78-92,7
SleepySoft,21
kingwaywang,4
zhang-rui-23-63-40,16
lynn-45-37-58,1
wo-shi-liang-niao,0
zhu-cc-84,153
zhao-zhen-kun-69-20,68
cui-jia-wei-95,288
xi-gua-61-57,0
marsk-91,0
xiao-pang-ji-90,0
cheng-peng-87-88,3
wu-kong-47,118
zhang-mai-xin,25
xun-zhao-zi-ji-41,0
ai-ai-53-92-2,0
chen-chen-47-38-60,0
pcxiea,6
shang-di-zhi-bian-30,6
qiu-yin-xian-sheng,1
truman-gz,31
po-xiu-20,3
liao-li-xia-42,5
xxxxxx-39-8,58
wang-cang-hai-57-60,0
xiao-mo-17-31-53,0
liu-pei-hong,529
wenstar-50,2
luluwang,157
ng-ng-53-63,12
jiao-qing-bu-xiang-wo-zxy,2
zhang-zi-han-87-42,0
guai-wu-e-de-kuai,0
Barnett-X,93
randkao,0
achu-dong-jiao,10
wang-cang-hai-68,2
guggggg,0
liu-po-30,1
url_token,241
wei-wei-yi-xiao-34-64,0
iowa01,4
tello913,129
cao-qian-29-72,6
jay-12-7,14
tesla-92,1
yeezilin,8
lu-fei-fei-fei-4,3
sun-xiao-liang-81,8
feng-hu-wu-yu-15-24,0
iseedeadmen,14
wang-xian-sen-80-85-30,3
ding-yi-73,1
way-52-3,1
yuan-ma-15,18
yin-xiang-6-95,6
liu-bin-99,6
karin-12-38,8
a-lin-zai-zhe-er,0
zhu-dong-chuang-tou,83
xie-zhen-yu-33,10
guo-fan-fan-28,12
rui-qiu-li-64,0
yi-chu-88,5
chen-shu-tong-42,2
cathymmr123,16
Bealr,139
zhang-ying-zhe-51,28
li-su-37-69,6
huang-xin-94-97,2
jennifer0203,1
hao-de-63-20,1
ai-xue-xi-shao-nu-jessica,6
liu-kai-21-75,10
shucong-65,16
chen-ya-li-70,2
chen-yang-19-26,2
ran-li-84,9
li-yan-liang-63,39
li-liang-78-98,18
wang-xiao-shan-68-66,4
mu-pei-96,11
ren-bao-lin,16
ron-83-75,8
wangdajia,0
wu-james-53-96,54
he-he-da-94-91-84,0
yu-ping-yan,1
gao-jian-ruo-li,22
ji-feng-zhi-jie,7
bruce-wang-17,1
guo-xiao-77-44,34
qi-qi-53-33-6,60
ling-chen-99-8,3
li-xiang-19-92,71
Dannycc,96
ren-king-25,1544
wei-zhi-yi-zhi-86,0
becase,9
xiao-yuan-er-14,2
wo-ye-shi-zhao-qu-yong-xin-42,2
rui-zi-xian-sheng,4
chen-andy-44-46,14
kenny-75-91,2
lu-lu-19-1-74,0
ha-pi-92-3,3
freedom-32-8,1
zhang-shi-ying-88,0
ren-hao-84-60,122
geeksyq,2
li-jian-51-30,12
hua-hua-16-75,0
zhao-chen-94-83,0
chi-bao-cheng-de-46,80
liang-chen-14-38,1
zhang-cheng-57-36,3
Hoffie,207
