david-lewis,26
wang-zhen-wei-51-48,27
han-qing-liu-41,0
wang-biyu,0
ren-sheng-bu-ru-mei-chu-jian,2
guo-bao-bao-79,45
huang-jian-wei-67-41,1
luo-chao-36-25,0
an-zhi-xiang-wan,4
lux-65-17,0
huang-ye-da-mo-wang,0
chen-le-peng-8,47
cailei1,217
shan-si-ba-ren,0
sophy-71,27
shui-zhu-gan-si-17,7
yi-ge-xiao-xue-sheng-20,5
fu-sheng-ruo-meng-18-91,0
hui-shao-52-9,0
piao-yang-de-lan,2
