adela-35-38,0
xi-wen-yue-17,57
chi-cheng-yi,24
yao-peng-25,4
pang-pang-08,0
herschel-5,12
ong-72,1
jia-gu-3,20
luo-kun-lin-69,14
imingodsrange,56
xr-49,15
yan-zhong-ying,85
ma-zhuo-24,55
lang-wei-xian-wei-de-wu-shi-xun,118
zhou-xuan-yan,44
xiaodaoxi,114
qmchen,134
ji-wei-zhen,45
he-jin-peng,29
zeeyong-zhang,17
