qiu-li-ren,1
luo-ce-33,1
qu-zong-98,1
liheng-1,7
nuan-nuan-31-50-70,5
liu-si-jie-85,11
tokyo-29,0
tan-te-de-ren,2
lu-nan-66-50,1
bi-tu-20,3
zhan-mu-si-ge-deng,5
jerryfish-36,0
zhen-s-76,14
jin-rong-nong-min-gong-22,0
qing-feng-zhai-79,6
zhang-zhuo-99-46,14
YanDongsheng,3
jide-austin,3
sun-yan-feng-93,3
jinjie-he,2
fidelkk,2
shuo-xiao-61,0
guo-fu-an-qi-la,1
jiu-cheng-zhu-9,3
bai-xin-chen-56,74
wo-bu-zhu-de-zhu-ling-hun,0
xiao-huo-ban-46-13,3
s-quark,2818
yun-zhong-ren-77,0
dong-ge-42-29,0
long-ge-84-86-94,1
cun-yu-xue-tan,0
ma-jiang-tao-5,1
xiao-bai-95-29,17
zheng-zhou-lao-cha,4
wan-sheng-71-98,0
Pron-520,102
da-wei-19-12,4
mei-you-ming-zi-guai-wu,15
yong-hu-3722776350,14
hu-wei-15-58,0
luzanwen,1
58566-4,5
lan-bai-hong-69,0
liu-yu-bing-93-50,1
yige-xiao-hai-jiao-hao-cheng,3
jian-xie-xing-xia-liao-gou-yan-zong-he-zheng,2
hu-tou-63-85,2
yang-xiao-xiao-99-22,4
fei-fei-3,33
hao-wan-ma-49,11
xun-zhao-ffeng-qqing,0
hao-tian-85-73,1
ba-wang-37-95,50
yun-zhong-zhi-cheng-63,2
ran-er-wei-bi-bu-jian-de-30,0
gu-su-cheng-wai-han-shan-si-3,1
ce-er-qing-ting-95-63,4
buxiaoliu,5
rickyliu,2283
365517750,121
veightz,124
henry-chen-92,3
chen-ai-52-66,0
jiang-kai-23-57,2
qiong-qiong-jie-li-86,2
wang-tian-zhe-zhi-lei,1
qing-cheng-45-6,3
cong-bai-zi,211
huai-huai-96-4,6
luo-ff-76,0
ta-zui-liao-ta-de-meng-zhu,2
deng-huo-lan-shan-chu-deng-ni-76,14
darasion,546
fu-meng-63-80,1
fenghuangsky,80
winter-liu-35,4
zou-zou-ting-ting-85-78,7
zhang-xu-dong-19-69,9
xie-jiang-nan-24,1
hai-kuo-tian-kong-87-52-22,3
zhu-sun-bo,20
jesus-53-51,0
jue-qiang-de-nan-hai,9
xi-huo-69-9,46
hua-qian-gu-17-98,29
jiang-nan-feng-82,32
na-lan-xiao-fei,11
jiang-shan-4-76,1446
li-pi-li-73,35
deng-ni-63,26
dean3stones,2
ye-mei-gong-jue,12
bo-bo-57-55,2
rixiang,1311
zhang-tian-yuan-46,28
zhan-lang-2-87,37
bai-ma-yin-qiang-hao-shao-nian-22,2
dao-xiang-69,0
a-sen-23-54,2
dreadlock,6
orangexiao-zhu,9
feng-ling-du-41-49,0
hei-hu-36,0
xiao-xiao-fu-68-55,5
zhuo-yu-bu-tian,2
yu-feng-56-77,3
i69i69,33
steve-shen-71,3257
ni-tian-xiao-bei-bi,15
hen-xian-86,0
zhou-liang-82-13,29
lan-se-meng-huan-10,8
li-lin-95-88-42,81
wu-di-98-99,27
bu-chuan-nei-ku-63-65,0
da-ge-4-27,50
xiao-xiao-83-43-39,13
kevin_gao,155
tony-tom,125
