ryan-33,0
xiao-yao-55-27,1
e-mao-zun-bi,47
danfy,0
a-lu-xi-ming,0
bing-huang-ma-luan-57-24,66
wang-xiang-han-49,3
dai-lu-63-2,1
huang-bo-56-73,0
kongxiangyu-44,0
theone-36-18,1
he-xiao-chu-melody,0
vskyline,11
hong-yi-45-76,1
tian-da-shu-21,0
wzhever,7
liao-kai-41,21
yueninggu,0
fu-er,408170
mi-fei-bu-e,3
lil-79-87,1
liang-ya-80,305
ti-mo-de-xiao-mo-gu-14,32
xm-zhang-32,11
stef_wj,59
joan-wu-2,56
kua-qiang-zhe,29
tangzl,91
seashore-83,0
luo-kai-yuan-5216,4
lan-de-xiang-9,3
meggie-69-81,0
ai-cheng-63,1
ling-er-ding-ding-dang-dang,0
xiao-xiao-bu-yan-8-64,20
liu-liu-10-9-1,1
the-one-zero,487
li-li-zoude-hua,0
guan-kai-rui-74,4397
wuwei-85-99,65
yi-ying-7-91,0
roy-12-62-69,0
wo-de-ren-sheng-shi-de-wo-de-ren,1
shu-sheng-47-75,0
chen-jan-6,8
a-xiu-13-14,0
cai-shi-yu-36,13
an-an-73-27-48,0
da-gou-18,71
luo-zhe-44,16
yun-shang-40-56,0
qiu-yue-you-lan-73,0
yu-yishuang-19,11
demon-91-30,2
yike-pu-tao-40,17
philips201212,9
tan-bing-bing-15,0
zhong-yi-xuan-6,9
yu-tao-11-89,8
chen-mo-60-76-98,0
song-zhao-qian-88,0
cindyshi,17
ren-yun-tao-73,1
controlla,0
wumz-19,2
xiong-sukie,49
qiu-yue-you-lan,2
yuan-ni-ma-4,34
jun-qing-13-78,0
liang-chi-huo,6
wang-mian-yang-19,17
zhang-tian-yi-67-95,1
qing-yixia-9,26
chu-ba-wang-73-34,1
da-xing-80,8
zhang-jian-bing-2,2
mao-mao-18-62-46,0
peng-dai-rong-83,18737
qian-xi-11,2
liu-jiao-jiao-26,0
chun-mao-28,2
wang-mai-mai-96,18
wu-zi-jing-81,2
wiz8,0
wang-nu-shi-6-67,0
dan-ni-er-52-67,1
mu-guo-53,2
ma-zhi-yuan-54-98,45
chen-yi-yang-88-25,0
sunyuxin,8
zcy-58-79,1
chen-xi-89-61-36,4
lisacheng2000,249
uno-jan,1
judy-21-35,21
zhi-shi-ren-xin-tai-ci-yan,0
705369025wu,11
zhang-qing-87-22,0
guo-xing-yu-60-6,4
qian-jia-li-32,28
yang-zhao-lei-57,7
qing-feng-lie-jiu-wo-pei-ni-zou,44
gahye-63,7
gloria-58-17,0
yang-cheng-85-71,6
ma-li-su-96,14
zhang-si-yi-3-28,67
si-hao-zhe,59
insomnia1988,16
hao-xiao-guai-46,6
rhent,3
mu-da-74,788
xiao-yu-long,208
ma-la-xi-du,38
yan-cha-dong-gua,25
hochhand,14
ma-yi-ban-jia-90,8
lakujira,121
geng-yun-57,14
chen-xia-mei-52,3
ishawn-ma,11
zhang-bai-lu-14,1
wang-xi-99-99,1
xie-ya-ya-46,0
ya-ya-zi-zi-ya,1
mumugo,6
shayne-lu,1
barrigin,32
yaki-cheung,0
feng-di-shu-meng,21
tian-xiao-ping,7
wang-rui-xia-31,0
reii,2
yunmay,3
hao-ran-28,0
zhou-liio,0
kylee-51,45
jian-xi-77,7
liu-lu-xi-46,436
zhang-kang-kang-88,4
li-kai-xin-25-21,2
huang-wei-39,7
thunderoar,14
yjfx,59
BrownieFu,4
miaoxiao-xiao,0
xing-tong-tong,5
gluale,251
mai-yang-65,13
bumian,10274
uitony,5505
KwD8XT,11
peng-jiong-jie,28
zhang-qi-lu-60,3
lu-lu-31-8,1
weng-weng-tou,0
brilliant-4,11
chen-liang-liang-82,3
liang-wei-ran,5
li-miao-sheng,152
shao-fang-6,3
tao-zui-67,3
