su-yun-peng-56,5
wangyibai,1738
tang-cong-2,19
lao-gan-ma-30,137
tang-tang-11-30,43
he-he-he-5-81,6
