li-bell,7581
cao-ming-lu-28,2
dong-ci-da-ci-beng-ca-ca,0
lemonsmell,0
