yang-ai-hong-46,27131
shoukaku,828
yuan-lei-64,22682
zhang-r-b,11
eason-60,23
su-fei-17,421903
li-lao-shu,344772
ginte,1
ribenge,34060
crh380al,6733
zhang-a-a-48-97,12
zhang-yi-wei-33-7,19
kaiserwangsitu,301538
lilew,70942
pan-yun-zhe,1056
fox4x4x4x,88566
sun-zha,15250
akasaka,25163
haoqishiyanshi,223828
nuo-nuo-82-54,40687
