ritaw32,11800
ding-ting-46,400
liu-su-46-13,57351
cheng-peng-84-39,809
yuliangxiu,12888
MissCL,2665
gao-yuan-74-26,86107
kun-yu,120338
sun-yan-49-43,14904
a-zhu-67-56,1275
liuyang910712,17184
yang-gang-7-70-42,32
amos-9,35241
