user_name,follower_num,last_update,agree_num,thanks_num,collect_num,public_edit_num,following_num,url
腹肌哥,1339,在 运营 中收藏了回答11 天前,2149,771,3773,14,526,https://www.zhihu.com/people/alan2018/activities
