user_name,follower_num,last_update,agree_num,thanks_num,collect_num,public_edit_num,following_num,url
絵希一生推,46,赞同了回答19 天前,95,16,9,0,41,https://www.zhihu.com/people/Banpai10032/activities
