user_name,follower_num,last_update,agree_num,thanks_num,collect_num,public_edit_num,following_num,url
水橋舞,957,赞同了回答5 个月前,6070,929,1251,55,118,https://www.zhihu.com/people/cha-li-boy/activities
