user_name,follower_num,last_update,agree_num,thanks_num,collect_num,public_edit_num,following_num,url
陈思源,28,赞同了回答12 小时前,37,15,28,0,459,https://www.zhihu.com/people/chen-si-yuan-20-57-22/activities
