user_name,follower_num,last_update,agree_num,thanks_num,collect_num,public_edit_num,following_num,url
Dolce Song,469,赞了分享1 年前,282,78,136,18,76,https://www.zhihu.com/people/dolce-song/activities
