user_name,follower_num,last_update,agree_num,thanks_num,collect_num,public_edit_num,following_num,url
保坂绘里,449,赞同了回答3 小时前,2062,302,387,146,707,https://www.zhihu.com/people/gao-feng-/activities
