user_name,follower_num,last_update,agree_num,thanks_num,collect_num,public_edit_num,following_num,url
林蔚澜,5385,赞同了回答5 天前,33724,5233,11565,375,174,https://www.zhihu.com/people/lin-wei-lan/activities
