user_name,follower_num,last_update,agree_num,thanks_num,collect_num,public_edit_num,following_num,url
ThemeSimple,23,赞同了回答2 年前,7,10,2,18,133,https://www.zhihu.com/people/themesimple/activities
