user_name,follower_num,last_update,agree_num,thanks_num,collect_num,public_edit_num,following_num,url
兰亭序online,24,赞同了回答3 个月前,230,39,23,6,28,https://www.zhihu.com/people/wang-yu-qing-61-29/activities
