user_name,follower_num,last_update,agree_num,thanks_num,collect_num,public_edit_num,following_num,url
谭紫瓊,52,赞同了回答3 天前,213,59,64,3,315,https://www.zhihu.com/people/wintertan/activities
