user_name,follower_num,last_update,agree_num,thanks_num,collect_num,public_edit_num,following_num,url
小屎的一生,65,赞同了回答2 天前,2025,212,167,13,5,https://www.zhihu.com/people/xiao-shi-de-yisheng-56/activities
