user_name,follower_num,last_update,agree_num,thanks_num,collect_num,public_edit_num,following_num,url
杨白劳与朱丽叶,27,关注了话题5 天前,437,43,99,24,9,https://www.zhihu.com/people/yang-bai-lao-yu-zhu-li-xie/activities
