user_name,follower_num,last_update,agree_num,thanks_num,collect_num,public_edit_num,following_num,url
在水一方,10,赞同了回答10 天前,0,0,0,15,127,https://www.zhihu.com/people/yin-yan-peng/activities
