user_name,follower_num,last_update,agree_num,thanks_num,collect_num,public_edit_num,following_num,url
鹰眼鉴房,510,发表了文章12 小时前,765,9,577,0,2,https://www.zhihu.com/people/ying-yan-jian-fang-3/activities
