user_name,follower_num,last_update,agree_num,thanks_num,collect_num,public_edit_num,following_num,url
中国民商法律网,277,发表了文章13 小时前,82,3,122,0,5,https://www.zhihu.com/people/zhong-guo-min-shang-fa-lu-wang/activities
