nantaizhiyanzhai,23877
yang-li-88-33,1222
dou-dou-chu-mo,56706
yangkele,23553
wang-lin-83-53,111875
mei-long-50,36637
thejennyyy,564564
li-tian-zhu-9,6648
ru-guo-feng-huang-bu-nie-pan,175
lin-ji-3-30,1840
jiule-yi,113240
sheng-shi-48hao-12,41586
gu-ren-zhe-yang-liu,13881
da-feng-che-zou-lei-si-bian,7614
fan-xi-min,76
imWangchu,342938
liu-zi-shan-80,14288
ru-yan-zi-yi,46013
xu-xu-xu-72,1725
gong-wan-ting-78,114309
