xiao-yan-jing-43,135396
yin-xiao-fu-70,89
lidang,86844
pandacc,163381
jian-shu-53,178
qiaoyin,251
neopeking1943,36130
Hemerocallis-Yu,119264
mao-yu-li,66874
delia233,4570
acel-rovsion,70432
lin-xiong-mao-67,2496
dongdongqiang,207095
cogito,295761
lisongwei,521817
cynthiaa-miao,286
magasa,488431
tu-wei-ba-lao-li,6388
applamoffy,602
hua-hong-ying,36332
