zhongwenzhang,7932
wang-yu-lu-65-17,158
a-mu-69-54,6357
wang-xue-song-61,39704
jianghanchen,77472
cui-qian-15,10159
carrieee-98,20530
chen-jing-hua-29,102378
gao-tian-50,73151
hu-wai-tan-xian-za-zhi,54884
wanchonglhasa,4930
beng-pi-de-la-tiao-niang,5628
lc1vre5,2561
xu-bo-35-28,56631
bao_xingchen,1943
liu-li-zi,23607
lao-wai-zhang-fei,1140
lhl28,1516
song-tian-yu-78,7037
yiiran.jiang,1821
