liu-zhi-jie-53-6,32
albertini-46,1791
juan-er-49-31,20538
xue-qi-fei-20,35
er-shuang-shi,365
dai-chun-ming-49,1727
zhou-zhen-21-19,220
lang-bin-38,492
Ilovezyq4ever,244
baomumayoukui,22148
dan-zi-dan-shi-ruan-meng-shu,2
wang-er-dog,64
liu-bei-tai,18247
zhu-xuan-86,740759
chen-chen-78-84,355
e-miao-de-nai-ba,449760
excited-vczh,766735
liu-mo-gu-91,5
wu-sheng-60-98,14514
xiao-he-er-40,3
zengjiaplus,395924
yin-jiao-shou-32,343963
li-lao-shu,344485
shmilypeter,12981
xi-xi-xi-xi-70,5
si-cao-piao-piao,46
