woshilaodingdang,1599
liang-zi-wei-48,52301
hua-an-85-12,1192
zhtaptap,6425
kalv1n-14,51
Piiter,2122
wang-yi-kan-ke,105681
xi-lin-nuo-21,42719
bi-xiao-tian-99,105334
ediart,10021
www.gelonghui.com,306
chen-di-19-39,63913
mu-ke-wang-14,39553
yang-yu-cheng-24-47,3757
yyyy-gg-86,22179
minamoto-52,7255
aishelray,18379
cai-jun-jie-82,178
xi-cheng-ji-shu-zhong-xin,7304
zhenshuooo,43690
zhu-ashen,4559
a-feng-41-36,16691
hong-ze-yang,7287
fairy-ever,337
thzt,2952
hev1n,10378
nian-qing-42,10137
tian-xin-yao-gun-sha-la-64,24631
lll-123,1944
fen-nu-de-xiang-jiao-82,14362
dmncifan,12653
godaye,67767
yuan-yi-57,8402
ke-ji-zhi-guang,7800
souyin-lau,308
shaotianlan,7641
long-ya-57-84,237852
xiaocaodushu,3004
xiao-xiao-ming-34-38,3473
san-du-he-xian-46,1634
