di-fang-7-76,338
123-12-24-19,3739
yun-zhi-tu-7,1592
lan-ge-2-86,2766
zhe-cut,20
guo-long-zhen,5174
dong-bu-dong-95-73,26824
pangdahai,10
wang-guo-hong,4708
jiang-gui-ping-98,16938
