pan-jian-qi-67,387
tao-xue-wang-taoxue-net-43,720
app-growing,475
mli65,52559
jia-zhang-ke-45,52500
ma-jing-yuan-9,19
excelzxs,6594
zhang-xiao-ping-1024,5686
ren-ping-sheng-67-27,64981
su-xiao-bai-3,6623
wangxiaopeng-,8721
chen-bin-99-5-4,231509
ontheroad270,182072
GreenFinch,193621
BigDataDigest,4572
you-yan-she-47,134085
you-ni-de-kuai-le-32,32104
qi-e-chi-he-zhi-nan-66,17672
jeff-yu-45,9097
Geauga,15344
