yan-sha-long,869
liu-kan-shan-78,49472
xjbei,15
nero,121
san-pi,7438
ecchanger,202
darliu,300
meng-zhi,33
sinan,298
xuzhihong,71937
ulysses,59
vernsu,537
guxizhao,92482
lazylorna,667
HouLi,181
yanglin13,452
wang-zi-yuan,1015
mcbuder,1682
livevol,1106
juyuan,178
jixin,862239
zhang-ding,1969
seasonqu,6396
sun-xue-feng,786
ecmoment,424
shenbin,101696
panxin,148766
laixian,136
oliverc,3702
zhao-wei,7088
ricky,129
dosou,159
daodao,20827
tianyawenda,3114
nikey,260
zhangcheng,82
iAladdin,75495
ourdearamy,309544
hero,54
laoyang,67
jike,28
fuzhong6,391
shijun,4114
sisi,38
nan-qi,1245
erikcoming,197
captiveguy,73
adrin,188
liu-shao-peng,371
lubenyuan.com,3421
dali,98
benimaru0407,1346
rock,114
chenvii,261
renyingqi,1144
imike,846377
ch3nz,160
papersushi,59349
nainiulin,26346
wellboz,37207
zhuyinghao,94201
fearless,15693
gao-yuan,44779
guanyadi,275866
howiemovie,5619
magasa,488028
youthfilm,6822
underland,46060
talich,367652
yolfilm,800179
zhou-he-qing,2399
dylen,2523
musixboy,4623
liu-zhuo-hui,3534
weilinwang,15882
bigscience,2162
kamyau,630
sujingjohnny,66840
tan-li-wen,25555
kun-kun,90590
