tie-pi-a-tong-mu-84,3899
jia-zhang-ke-45,52549
chen-pei-si-13,92132
lang-lang-63-1-54,137631
xiahao,214661
liu-hao-ran-18-45,136927
luo-pan-57,30148
zhang-jin-tian-75,390
hecaitou,285638
xiao-shi-fu-29,805
wu-zhi-mao-78,42259
Padmasambhava,183518
yin-jiao-shou-32,343960
zeng-kai-87,338374
zhang-xiao-bei,731352
tang-que,341828
wan-jin-you-39,200803
jiang-si-da,27247
