wang-you-28,24433
timbernord,85089
yoosan,41307
shaofeidu,1150
lei-ke-ji-76,275096
wang-tian-tian-91-22,5805
imike,57597
shen-ya-nan-44,845309
huang-ren-ran-10,11179
mi-meng-2,19
tie_zhu,22875
xi-qing-yu-li,5061
ding-dang-86-96,12499
cloudycity,36020
hu-tao-jia-zi-gong-zuo-shi,110279
splitter,3083
qian-bao-qia-hui,201623
lonelyeel,441
jian-dan-xin-li,77707
lei-lei-34-33-29,234538
nu-er-gu-niang,51417
kiki-50-12,9451
li-li-si-hua-mao-zi,17941
wen-wu-shuang-quan-78,25498
ri-yao-shuo,143539
hua-jun-zi-27,36872
fei-li-pu-jin-ba-duo,33761
xhtlj,185037
jasmine517,3041
di-yidan,2428
le-quan-89,9376
wendy-wen-7,40724
ma-feng-wo-zi-you-xing,92825
HJJ-25501,90
sun-yu-bo-78,48319
wang-yi-ren-jian-32,72238
wang-yi-kan-ke,105235
wei-zai-bu-dong-ai-73,3543
quartz,85417
yi-ba-qia-74,8261
lao-ba-ping-ce,24433
neotype,152954
de-chuan-mi-mi,56889
yu-jian-fang-zhi-you,110201
ao-yi-hen-shuang,2505
dai-e-52,31461
bruce-wayne-70-33,10238
yi-xin-li-1,11005
ma-bo-yong,76509
da-zhong-mao,701467
will-lian,19582
kiwihan726,93847
zhou-tong-52,13962
makaka,69126
pao-bu-xue-yuan,8239
wangji-01,48566
gou-dan-de-chai-er-de,45433
F_falcon,36790
long-ao-tian-26-7,70254
zhou-mou-mou-97-89,1426
20101081,25311
henuwang-kai,18657
fu-lan-ke-lin-91,18306
chu-ta,8987
huang-cai-lun,896
verycool,22069
losik,18775
wang-ming-47-48,30301
lidang,86495
ren-yan-zhe-49,5881
wei-jia-fu-98,99317
miao-jiang-3,32448
liulangdehama,87070
hong-yan-xi-baby,70440
hubertuswi,134846
yizhi-lao-li,58
hong-jiu-kao-ya-29,52788
li-zhi-53-93-76,6693
ukuk520,161018
fu-shi-bo,90160
yao-de-yong,773
liangbianyao,679685
Anthony-Toby,7147
chen-lu-ya-26,40297
cworange667,81612
sunlight123,10372
lu-bu-tong-90,197814
li-dan-81-79-26,72853
cao-zhang-99,1788
he-zhong-yin-8,6249
li-ao-wen,91009
liang-zhi-76-38,15135
jiang-xiao-cheng-37-25,51247
onegiftchuang-yi,12686
chen-kong-ming-64,330
southemperor,6232
yangbingli,52478
shennv,20247
han-yu-73-10,17092
lu-shi-han,32105
lu-shi-han-89,13427
ChenMoLRY,31879
mishisi,195781
xiang-yu-qing-86,66828
liu-chen-76-67,5247
jiang-cheng-94-43-78,32545
huo-po-de-miao-ge,6147
lang-lang-20-42,16661
david-rand,231452
kaifulee,1061911
yangxiaoche,95808
yy19xx,439
xu-yan-2,206453
Uevo,53592
shan-yang-yue,176143
ying-shi-tong-xue,122493
he-jia-43,158111
jinpengyuan,82085
spencerma,32436
liao-jia-le-74,48919
jianzu1126,24433
guolaoxiong,231641
naodongdongdong,52240
qi-dian-zhong-wen-wang-36,17092
mu-yu-yi-cheng-shi-55-87,90110
mo-dan-59,1900
zengjiaplus,42789
shao-nian-dan-huang-jiang,395261
aabbbccc,277
huang-yi-qin-1-12,23542
he-he-da-59-80,2673
zhao-liang-28-82,9867
pingcoke,1588
chen-a-bo-73-64,57627
zhengjingren,2267
liu-bei-bei-53-27,76360
qin-yue-wang-you,1629
lao-li-68-87-97,56935
wen-wen-13-85,20525
zhou-jie-lun-88-61,3111
rou-wang-wan,140224
yourfire,16056
yan-nuan-nuan-62,1383
chen-yi-piao,139086
Padmasambhava,183394
chen-guang-55,36223
y-i-x,129295
qiushi-16,111015
gao-yisu-81,23693
bei-dou-11-21,8965
dan-tiao-de-xi-wang,28
sparrow-tian,1787
ling-hu-fu-gui,113354
molinlee,28201
wang-hao-ran-82-61-20,1002
yan-shi-san-78,172
aaronli-yu-er,89251
hao-yi-chen-43,153
duanzuixiaoxue,12937
zou-yu-tong-1,27705
wu-jing-wei-31,24433
apanguanzhang,39718
ma-zhuang-guo,32809
ruo-shi-jiang-nan,24410
lin-an-hua-ran,95400
ding-xiang-yi-sheng,5975
kwanhiuling-65,1496158
tt9527,8353
lu-chen-xi-9-98,1234
xi1zi,108558
wang-wang-wang-10-36-95,45255
fei-die-shuo-58,21400
guo-tao-45-48,3947
cheetah-lab,88738
lens-27,3429
lisongwei,284162
lin-lin-92-83,520107
lxghost,188
dai-xuan-kai,59343
hou-xiao-lin-55,50361
jingxiaoyan,24433
5qing6fenpi,7091
zhen-hao-yuan,26147
wang-jian-3-36,11831
bi-xiao-tian-99,10842
duyan,105089
wang-si-tu-52-43,172204
bo-bang-ni-52,1809
du-gu-bu-bai-79,114364
51chihuo,6473
Enron.,3483
lei-chi-zhou,57692
an-cheng-98,2
baskice,80983
chenxuan007beijing,20609
yie-jia-tong,33589
kukmoon,57960
ge-bi-mu-shi-wang-shu-shu,29249
wang-heng-13-28-37,860
yishen-qing-yi-qian-quan,24875
xiao-shu-chong-90-94,33445
xin-shi-xiang-98,35482
fm1808,3363
wei-an-mu-mu,15500
qi-tian-lu-guo,10810
liu-kan-shan-78,49249
edtall,260541
maishaoshao,6540
wang-qi-wen-85-23,50401
xu-yang-chun-42,21310
reallysugar,255693
lizaidao,17101
zhihuadmin,158626
joker-96-72,10
chong-chong-62-7,39434
erich-17,40557
notelog,18562
liyue233,194965
lin-jia-hui-94,2176
gududerenbushuijiao,31945
sun-wu-jing-91-57,24433
alphasquad,35267
li-ying-95-46,15148
dao-zong,23641
zhang-chi-yu-56,44580
xu-mo-qin-69,21074
yangkele,1714
razireguli,23495
turing-73,37978
gui-mu-zhi,3571
guoaiyu,223537
zhou-mi-73,30697
wang-san-san-bian-ji-shi,44549
bo-cai-28-7,40138
luo-wei-zi,434819
ma-tuo-82,25323
li-meng-35,134461
wang-hao-17-43,12433
wang-shu-pi-15,33341
zhou-ding-34,49039
