lin-xiao-63-71,13972
yang-yuan-83-58,18971
famuleifa-mu-lei,9725
minamoto-52,7234
yinjie1218,112058
chi-fei-71,22555
Lancelotranger,25266
jichehui,762
zheng-zhi-yang-68-92,5
stella-mao-11,3
fu-tao-jiu-fen-bao,37466
kitten1116,30509
burun,102109
zhu-cong-tao-tu,32
luo-luo-54-16,12199
wan-qian-75-21,75586
jojo-78-28,6512
li-yu-ting-sunny,93434
wai-fo,34
wu-ding-dang-14,17
