fuzhou,23259
spiritmax,24132
ji-da-fa-37,173960
mei-shi-zuo-jia-wang-gang,215466
yan-dian-78-21,4067
chibaole,371470
chenghan,287726
vipzhangxiao,100881
ying-shi-tong-xue,122590
huaige,164
carpediemhuang,55
yan-hao-74,41062
ESpeller,107138
ms-xs,6498
therefishball,78188
wu-zhi-mao-78,42259
tai-zai-yan,51227
jia-qian-55-73,21866
gu-zhao-99,8385
yixing-qi-xian-sheng,29204
lou.z,25526
timothy-wang-17,108282
amonjok,295857
zhouyuan,928640
dlightwing,267357
liu-kan-shan-78,49350
splitter,202195
wayangmovie,24540
mo-deng-zhong-chan,13761
Karma_XXXL,5398
lens-27,284516
ji-xuan-yi-9,189265
wendypolaris,202
caroline257,146185
wang-rui-en,287556
chenbadong,6334
xu-yicha-18,87409
dylanzhao,37540
c81018y,309
dannyw,134999
hongyun198,19327
yaoshun-sven,69913
xiahao,214662
rr-ee,12760
zhongqing,11161
ni-ke-liu-liu,166220
wangnuonuo,393834
mlikeasong,16320
sa-bei-ning-laopo,73560
dongdongqiang,207078
Hdog,1342
taotaotravelling,9727
yanjingzhaisun,18409
ni-Zen-guan-you,4443
menger,38919
qiu-yuan-89-17,40985
binka,464920
zhuo-yang-44-24,27926
juliana-yang,44802
paradox-xu,2801
tian-ji-shun,707520
tang-fei-68-47,10711
joshoka,109107
neil_lankester,13235
he-kuan,5841
yang-kai-26-95,692
fromhangzhou,42682
dashhuang,92392
gogobigz,27881
renxingjie,41410
xi-shi-ting-14,496
zhong-en-63,2616
huang-mu-wen,2899
bihai888,364
hank-26,942
song-de-90,47660
sun-bin-47-13,2198
rubenstein,2968
cianmaye,9741
ma-ke-si-88,544
will-wang-69,4114
jiaji-deng,100770
zou-johnny,21351
edison-chen-8612,33446
zhang-mo-mo-74,19705
wang-mo-liang,956
dennythecow,44444
qian-li-20-12,13093
yolfilm,799981
notor,17109
zhou-jie-47,71483
brianz,111211
ma-bo-yong,701791
li-yao-yao-3-33,2856
FantasticCathy,209217
maotouzi,1327
ren-xing-xing-99,27628
zhang-xiao-86-46,392
liangbianyao,679800
tonyzhao120,80192
zwebi,2193
liulaohei,1956
YSGG,132969
worldcitizen,35545
webanalytics,471
zhangleo,173716
huang-shan-2,28607
mo-han-mo-de-tie-niu,6488
raymond-wang,590187
shenbin,101685
billhan,113921
zhao-xing-de,13513
kai-wang-48,26633
shangxinyu,76153
JoniJoni,5924
joy-cai-14,36810
tomsinsight,26651
veronicacaca,7326
zhongxm,97245
liu-peng-cheng-sai-l,218954
jasminezou,34955
wei-si-li-82,87168
elyn,235611
cheng-yi-nan,431660
li-feng-54-67,74373
gejinyuban,667255
nan-han,19358
summer86,792
weng-xin-79,152530
bigforeheads,579
bentian,122
marco-liu-10,14255
mian-yin-long-xia,1227
zhang-xiao-pang-83,3830
amuro1230,739781
tanya-chou,322
nownow,14184
eric-guan-59,287
pan-meng,2127
missxiaoxiaowu,8670
