li-yin-he-25,182549
guang-de-bai-long,1139
hai-na-bian-yi-min-41,3226
yun-dong-fen-zi-cheng-lan-wen-hua,18642
jiang-xiao-mao-a,6291
liu-xiang-xi-94,75585
ju-fen-qi-45,163
lu-zhi-hu-92,45045
wang-hua,15366
shang-jing-dao-yan,10432
jing-yu-she-ji-whaledesign,24295
tao-yun-93,42851
GreenFinch,194263
san-nan-yizhai,1249
zhang-shu-fan-65,19734
yang-chao-50-49,11024
gu-shi-ying-he,4576
gingerfreebird,32
jian-che-jia-67,30181
ai-fan-er-85,104909
li-ji-zheng,7282
mei-ri-ren-wu,104734
ying-tao-yang-zi-75,38634
yolfilm,799982
lin-en-72-83,1144
jet-97-68,16324
guanyadi,275511
mediastorm,19048
qiu-yuan-89-17,40985
jing-qi-ying-xiang,66764
tao-xi-35-6,47
wan-nian,73603
zhouzhao,174611
LiqiKuma,172657
zhi-tian-xun-ren-47,9974
sailei2015,75369
wang-yi-wan-jia-gong-zuo-shi,31090
yang-li-70,3576
zhang-xiao-xiao-31-15,5620
miao-miao-46-81,7277
melon-Samantha,1295
sun-ao-bo-53,906
hu-jin-bo-60-15,7462
simero,601
zhangkangkang,41765
jiayinvfx,642
wang-rui-en,287558
liu-kong-qing-77,96095
heyhoo,4808
wang-hong-hao-99,110313
yu-wen-fu-ji,1756
xiahao,214661
luo-hao-98-87,94136
outoffocus,13471
wu-zhi-mao-78,42259
LiuS-photo-wheel,27022
tokuhon,20498
shi-qiu-rong-26,742
pi-bo-shi-tai-kong-jing-niang,153788
natalie-80,1912
