ling-jian-94,30925
zhi-shui-v3,402
jie-chang-lao,642
wei-man-shi-ba-sui-83,14
zhu-shu-wen-93,134
yin-cheng-shu,33
xiao-yue-lao-ban,1380
harpmaster,5466
fazioli,67992
mrdamnclever,330
du-lei-si-26-55,125787
574a58,513
mr1900-1900,45895
long-ding-ming,1674
bi-li-bi-li-71-5,291101
rain298,11
zhong-zi-88-59,5915
xian-yu-xiao-ze,6
wan-xiong-a-xiong,137497
