peng-yao-44,173
LHLplayZH,3666
guangtouwuke,537
lao-qiao-zi,185
liu-ze-ran,2467
zheng-nan-gua-88,604
wo-jiu-shi-38hao-ben-ren,10705
feng-yiyang-de-di-gua,6
shen-che-dang,13833
song-le-91,15541
cao-chenay,1906
li-qin-nan-89,1
karol-jia,261
p2pshou-xi-jing-suan-shi,6661
chen-lin-65,394
Dragon72,12772
mi-mi-yu-xue,6268
ceng-ying-zhuo-16,17846
li-dong-yang-1984,33
ye-mao-zi-de-mao,284
godaye,67173
zhang-xiao-hang-54-61,488
pan-peng-xu-36,36
lu-chao-38-64,4065
edtall,260538
bitpirate,66277
jonna-zhou,31591
li-zi-jiang-12-34,2
amuro1230,739552
zhao-hao-yang-1991,108984
fatfox10,82288
li-kl-62,7641
liang-hong-da-44,257055
henryz,4320
jedimaster,16291
lin-zi-cheng-57,28955
ayat,166649
sailei2015,75330
tao-zi-de-tao,192245
qiuauntie,33
