liu-da-bao-77-11,15270
ztxz16-65,811
chen-cai-14,4701
wang-jia-zhu-52-38,6627
XieMoYan,16347
linzeming1990,6707
tnttnt,66609
zheng-wen-qiang-39,548
yu-jie-89,2220
zhang-zhen-92-55,93
pan-yu-31-68-42,1181
dong-ju-83,313
21shots,2681
lfcbird,5995
gao-chao-26,3901
gigi-17-53,1174
xiao-wei-99-79-92,2
linyizy,2979
biao-ge-73-9,3439
RochelleH,2793
