he-yi-jie-you-82-75,63
chang-ping-tai-zi,22096
zhen-shi-gu-shi-ji-hua,526770
ding-xiang-yi-sheng,1507010
dong-dong-32-9,202
tikitoo,131070
cai-feng-a-pu,1929
cao-ping-4,14
zhao-hao-yang-1991,109035
zhang-shu-22-69,3273
bournezhu,105044
zhang-zhi-ping-94,25556
Hemerocallis-Yu,119265
max808,41839
liu-peng-cheng-sai-l,219022
lzy135,171892
feifeimao,501275
KonnyYao,46689
xia-ji-ji-28,172221
pai-da-xing-55-17,29010
scottdong,9099
zhuxiaobao,286621
shi-yuan-jue,381
a-kai-xin-a,238
chen-jian-91-86,5
zhang-rong-ya,18584
wang-sign,8284
Tian-Hao-,204257
fan-hua-jian,733
imWangchu,342789
wang-xiao-cheng,18
gracelu,178039
nordenbox,350344
jing-lei,138403
amonjok,295871
sydneycarton,75441
niu-yue-lao-li-xiao-chang,191547
siva,35938
yeka,128653
tsauliu,40125
jane7ducai,14083
yin-yipiao,2
binghan,243493
qiang-hua-9-3,1
fuwocheng,166616
lipengcheng,55750
rainee-jiang,36920
xiepanda,466615
fuck_you,292
wangnuonuo,393917
cheng-hao-81,195562
cha-xiao-hua-22,40355
abingor,388
Tingo,1716
li-chao-17,1588
wuda,16196
lu-shi-si,6364
chengyuan,167001
fadsfkgfew,197177
cao-yang-yang-56,13671
