kong-shawn,26442
xlotte,95015
stone-43-88-13,7444
hao-qi-xin-yan-jiu-suo-58,144319
wang-wan-78-48,46462
shen-xia-bing,24518
MrBurning,147209
chinaFitter,8553
mang-guo-2-81,5399
ding-xiang-yi-sheng,1505124
du-du-du-95,143493
knowyourself-1,794771
xupenghuan,58938
zhi-shi-jiu-shi-li-liang-13,211000
zXr0,19513
zhimeilianmeng,67549
tannin,12090
tinafever,118057
ge-wei-44-35,44356
ze.ran,316212
