sun-shao-jun-73,75078
yu-xiao-le-87,828
ciao-tsai,32
suang,6527
Samhero,27662
gejinyuban,667341
