lao-jin-shuo-gu,1741
gong-zi-hai-39,2905
nanxiaopeng,48829
warmwine,177650
myfinance,2959
