vip-jessica,4820
mu-rong-chen-xi,44156
wangye5,1
ye-lan-ying,2763
chenyuz,33823
s0s0,69285
meng-de-er,279106
huang-dong-xu,6375
TigerQie,29256
xxego,46
bianchun,367
tombkeeper,101132
lao-bing-yin-ji-xian,172463
Ultraman-Tiga,79687
dongfei,28973
astaxie,6322
lin-xiao-chai,12555
cao-zheng,202444
chancyWu,19
guo-lu-de-gui,74
hu-wei-wei-39,486
lan-lan-62-36,4
lawrencelry,408385
erain,660
pansz,238452
tian,61255
chen-fu-zhou,61176
huzhi-zhang,38
pyleaf,23
hfu_cn,11
hoposky,2843
chen-yin-70-15,10
lin-su-qin,12
rio,351678
jiang-james,45
wang-lei-60,6
bing-chuan-64,7
wang-sansan,16
xuxu-hu,1
ruki-45,85223
MLNC,13
Ebbsdv,473
qinchuhan,2443
alan.li,1863
sijitu,9
jjying,113753
shaniaxs,12
Lambda,328
laiyonghao,11679
cogito,295730
threven,14
zhang-ying-shi,18
kaifulee,1062218
giantchen,58243
zi-liu,67788
jamie-9,4
chen-yu-9,3
onlyswan,45031
cici,251870
hillman,326
jialei261,1104
Iori,251
ruxiaoguo,2540
shi-ying-18,850
bullay,126
yangbo,131435
thomasluo,89323
juneallen,16
iannwwuu,284
ni-lao,106508
roys,583
tlonet,2
judy-78,2
magie,580339
grace-wu,2
an-nuo-57,1
li-yi-kai,1
DrHow,408473
xu-yi-wei-45,2
cai-wen-sheng,87817
zhou-kui,10298
whale,123327
sarashen,10245
hongfeng,2174
cnscorpio,971
tinyfool,75612
jixin,861974
bian,51510
linan,434435
roy-li,99722
zhangleo,173769
yaoxu,17900
fenng,338359
craylin,7070
imike,846175
keso,331187
wangmingming,58
