badvortex,29042
taoxi-1130,28593
ji-feng-fei-ying,83312
meximexi1,18775
ba-la-ba-la-da-ka,1
zhou-mo-54-30,6012
a-men-a-qian-yike-gua-niu-shu,664
fxx-98,9848
wo-zhi-shi-ge-lu-ren-jia-50,623
fei-ben-de-tui-mao,141
nyrenxingjie,79335
da-tou-59-97-15,9084
xixipsychology,2414
du-lei-si-26-55,125815
sevenqi-7-1,7522
zao-yu-yu-93,2
ganga3369,411
ding-xiang-yi-sheng,1505195
momoxie,242780
sizhuren,739035
