xiao-gua-34-50,655
Aaron-Ramsey-13,9
kong-bai-48-58-66,2
lu-cheng-lei,7320
dfentyurt,3185
super_chicken,475
jiao-yuan-31,35
zhao-sheng-9,912
qing-huan-89-71,1
xi-ran-mo-shang,2
jia-wen-he-zhu,93
gui-mu-zhi,223790
qiang-ji-zhan-ying,3526
mao-bu-6,7009
zhe-ye-43-74-88,43566
gou-zi-56-47,45022
acfundan-mu-shi-pin-wang,108030
wang-san-san-bian-ji-shi,40327
sun-zhong-mou-96,1202
gong-qing-tuan-zhong-yang-67,368842
rednews,16262
pfdlw,36169
lu-qiu-yu-87,6873
patrick-zhang-3,221546
huchedashifu,42885
chang-kai-shen-32,161344
zhong-ke-yuan-zhi-sheng,121278
wang-ji-wei-2,1509
cai-qian-hua-56,84621
lei-tong-28-12,10
si-wang-54,29253
lkj-1,7
xie-chen-68-22,3
xie-chen-3-62,1
wang-qi-yu-79,29
li-ji-qing-123,5
chen-yu-fei-93-79,9
lu-wei-47-38,33
hong-xing-yi,9145
wei-chen-gre,4148
I_am_batman,5357
di-ping-xian-ji-qi-ren-ji-shu,15106
ceng-hui-da,2
xin-yi-59-2,8
xu-ting-yuan-39,19
yuan-bu-yuan,40
shen-ke-you-zui,3288
dan-dan-25-32-28,1
yu-miao-98-57,21
chen-hao-54-53,2
zhang-50-8-46,10
cao-yang-54-76-85,815
zhang-fang-3-23,102266
Jacky-Songry,3955
lu-lu-73-83-20,1
zhong-yue-22-30,9678
zhongyu666,111012
bananadic,1
Ace1987,225629
excited-vczh,766802
wang-yu-qing-14-91,5
wang-xue-liang-9,15
