ding-xiang-yi-sheng,1506033
shellc,200
knowyourself-1,795342
keegan-li,447
