dzsff307,625
haoqishiyanshi,223677
mijia-mi-jia,1247
ji-zhi-de-nana,15135
zhou-chun-15-57,1495
ginojie,75896
alexpeng,1064
ma-hao-88-50,50
zhaoyuanzi,38
li-yi-17-10,10
bai-ya-jing-49,1459
wang-zi-ru,47302
zhang-xiang-dong,63921
windleavez,185577
daping-liu,284
mrlemon,4635
songvision,1960
lijiyu,9301
chen-wei-yang,1203
mu-zi-28-52-87,31
