xian-qing,1002
li-yang-89,137024
zombie,407164
nordenbox,350381
yunzaitian,289
