635261941,47
everettyou,218
haoxiang_wang,3194
raul-peng,646
dartyin-soh,89
miao-jian-jian,3637
wu-jun-bao-70-34,7
li-en-zhi,4020
emiriatannmajitenshi,917
benderbrodriguez,9449
li51,71
zhong-de-liang,1627
fei_yu,1461
li-miao-7,17680
MercuryLUO,1078
cfbao,667
jia-yi-yang,1656
continwm,347
yuki-nagato,451
yik-wang,142
rendao356,1188
libertytang,3532
deeptech,23370
coz,2260
mrfoxlr,96474
du-dahuang,338
lixiaophy,91
stephenhky,15215
lixiulian,9881
Senquan,239
physixfan,19997
yinzhangqi,18657
andrew-shen-29,48278
yanshar,29455
sha-huang-50,6
zhao-yong-feng,11272
bombay,6
brianz,111264
stevenliuyi,7449
li-yang-89,137018
