gao-long-long,177
yangze,55
tokenhu,63786
you-yan-she-48,10394
edtall,260525
huazong,120087
jordanfc,11676
tao-hua-dao-zhu-46-78,29
bomayihan,78
qin-liu-42,6870
mackyxiao-ma,1716
jasonlue,5055
ma-bo-yong,701937
superwyh,72164
zhang-pei-feng,293
wuvist,15651
chibaole,371544
linan,434427
marila,39027
suyang123,21092
corndog,40487
lydia-62,150959
wang-dan-5-78,55819
jiong-ni-jiang,57693
luckystar,140765
iamyourshifu,15974
gong-zi-xiao-bai-24,1805
zhu-xuan-86,740792
EdwardZXZ,2427
zhou-bai-zhi-bai,81324
cha-xiao-hua-22,40352
cogito,295723
nu-zhao-nu-qie,441
zero-94,4412
liang-ying-cong,32734
momoxie,242776
cheng-bai-94,3253
bing-deng-xing,131772
nu-zhao-58,2918
ichifan,211
