dd-dddd-27,17
5doggy,5342
wang-zhe-37-52,7
Lancelotranger,25351
lao-yue-gou-68,348
pinkguor,6304
chen-pei-si-13,92159
EDASP,11478
a-dou-dou-70,11411
guanyadi,275706
ni-xiu-zhi,33727
zhang-jia-tree,3258
threeshi-rui,33951
fei-xiang-39,414
hei-sen-lin-mu-si,29426
wu-hao-64-20,449
3rduncleliu,22507
litianfei99,1549
liao-bu-qi-de-su-xiao-jie,83533
du-li-yu-dian-ying,114478
