kratai,13
pin-seng-zi-dong-tu-da-tang-er-lai,425
cookiejoker,468
xiao-xia-yi-si,4997
shi-ren-gu-cheng,224
ai-liao-24li-mi-de-man-ba,1
ren-si-tong-20,11
pang-ku-shuai,129638
mickey-82-85,14035
gong-lu-shang-dian-ontheroadstore,81228
alice-55-38-81,70
you-lan-77-57,61
gong-zi-65-52,1
wang-mao-dou-40,3
mao-mao-25-42-65,5
yan-jin-ovo,2
he-ping-15-20,1
pdpdpdxu,46
liu-wan-jun-78-59,922
zai-ni-shen-bian-i,1
zheng-wen-jing-21,2
yang-yu-xin-86-38,3
leameowmeow,22176
lu-zi-yue-85,2
tian-ke-le-2015,165011
zi-yi-xi-9,1
tai-shu-huan-59,7
wu-hou-si-39,3
qiao-ying-hui-70,1
chen-qing-ming-3-99,52
shou-hu-twicede-wang-zi,112
wwang-ai-ai,33
you-dang-de-da-zha-xie-95,527
jiejie_my_lover,112830
fei-wu-9-70,7
lei-mei-tai-si-15,89793
li-lao-shu,344527
lu-ming-ming-16,8886
yizhi-babylan-de-mo-jie,12
crla,20346
yang-li-li-81-9,25
meng-xiao-fan-65,3
qi-tian-li-da-sheng,4
li-xiao-han-14-50,1
DesignerZhao,17963
lang-fan-53,2823
bu-liang-ying,42
luo-luo-67-59,1229
liu-gong-zi-64-22,72
yuan-suo-qing-qiu-zhi-meng,28
qi-yi-ming-81,3
myfinance,2960
eve-69-2,40
banfoxianren,167581
ren-dan-81,2333
hao-ni-ge-xiao-ke-ai,2533
beauty-vea,6230
chi-cheng-ling-shang,2017
Namoamitabhaya,104077
INFI-SAGA,3338
en-heng-40,2
li-yi-69-4-68,53
jian-mei-88-95,3
zoey-28-63,7860
lylian-33,517
xan-nal,20
huang-yi-qing-32,219
ni-ma-jue-de-ni-leng,1
knight-moon,7
duo-xiao-xie,4
pansidong,8
zhou-ling-xiang,151
nasachinese,5086
xu-mo-mo-86,4156
duan-mu-nan-xun,212
yang-guang-bu-xiu-77,62
ji-jing-dong-xue-85,5
lu-pu-tao-21,84068
chen-ying-55-18,89
sapphire-24,811
gyo-ninn,7926
ju-li-57-96,4
alan-wang-11,2
xiao-qi-30-8,3101
lei-zhen-zi-47,13291
bu-san-85,51255
andrea-deng,3498
