morny,309
yin-lian-guo-ji,6459
johnny-crowley,1
knowyourself-1,794760
janey-satfield,47280
ye-ben-23,10402
qing-gan-zhuan-jia-70,798
lu-nan-61-32,857
you-guo-59,615
liu-chao-001,125
xiang-yu-63-63,400
aiyy72,69829
zhen-shi-gu-shi-ji-hua,526647
zhou-ruo-yu-99-95,284259
zhimeilianmeng,67549
gan-cheng,12392
yang-xing-53-66,2
ji-le-18,134356
wu-xiang-70-52,12
ai-ran-shao-46,107795
