jiangxiaozhang,188048
kang-da-pi-zi,2
wu-jia-huan-xing,1
nai-he-88838,1
wo-shi-jing-lu-se-de-ni,29
wa-w-65-21-94,288
jia-gu-zhi-jia-wang,45
ling-mei-ang,1
lan-lan-72-62,3
wen-wen-zhuan-22,1
wang-wei-9-46-20,67
si-lai-si-qu-s,1
xing-huan-zi-ji,18
chen-hui-33-82,3
ai-gou-ren-shi-87,4
gargea,33
ailx10,3433
wuawa,1
san-zhang-33-36,5
da-sheng-zaki,2
hui-hui-21-54,286
liu-wen-long-60-30,11553
li-zi-chao-81,15
wu-tou-qi-shi-60,1
ng-ke-75,1
you-diao-app,276025
pi-xiu-zhu-65,1
yue-er-67-44,1
oven-h,1
ren-ming-ba-37,1
pi-tou-xian-sheng,1
liu-de-lai-34,95
vivi-86-49,16
osborn-4,2
rednews,16274
nizhenyuan,37417
ai-wei-qi-de-feng-ren-ji,15
xue-ding-e-de-feng-ren-ji-56,15
sewhome,23
bai-xue-28-54,46
chen-56-36,24
zhao-jia-liang-75-83,5
gutsoverfear-72,2
lu-qiao-zhi-jia,261
ttian-new,140
jian-luo-6,95
chen-feng-mu-gu,480
tang-cheng-ru,1
lei-er-zi-ran-juan,1
si-jian-guo,1
fu-yu-zhang,677
shirley-77-86,65
boring23333,58
lan-qiao-75,31
ban-wan-shi,533
ksuuecqye,2
deng-xiao-mao-97,5859
jiao-tong-min-gong,1398
guan-ni-pi-shi-79,8
an-dong-007,3546
yimu1yang,4470
lao-luo-17-44,9838
gong-lin-nuo-2-61,37311
qinlili233,12830
lu-xiao-yi-54,47897
qiu-feng-shao-nu,2365
hua-hua-xiao-huo-59,3
tianmuyaonuli,14
zhou-dong-yu-55-93,330740
maozixiansheng,34104
li-xiao-bo-15-48,298
feng-shuo-3,43274
kai-xuan-zai-si-ye,70
leonren-78,237
hui-hui-hui-83-82,1
wu-min-zhe-67,2226
dan-peng-zhu-59,73
tang-ma-ru-89,489
xi-xi-5-32-73,26
e-mo-qi-qi,16
biubiuwan-zi-jiang,1
splitter,202691
ZoeGazelle,225
kun-wu-feng-ming-2,5
tu-mu-xiao-sheng-9,14
qiu-shi-54-1,51
zhao-xiao-chun-22,31
jing-jing-shi-wo-58,2459
licardo-yang,745
tnnaii,1194
ssss_hl,3
yang-yang-nao-11,15
zhao-zong-53-13,2
mei-ling-17-51,1
yuan-yuan-94-86-28,15
lijianjianio,16
ChubbyPillow,64396
li-yan-16-46-56,5
mao-mi-30-32,459
yu-hui-zhu-7,1
dong-zhuo-qian,143
huo-rong-an-quan-shi-yan-shi,33057
elcroquis-jian-zhu-su-miao,51099
yu-wen-tao-87,193
ccchenwan-fan,2
wu-bu-fu,4980
wide-55,239
wang-sen-sen-94,415
lu-zhai-89,6138
gao-de-di-tu,2648
mi-su-68-4,18
xiao-duo-duo-42-12,15
yu-xiao-sha,4728
zhang-yu-75-70,216
liu-ci-xin-68,20275
lu-chen-xi-95-16,523
ni-jia-37-39,3848
ruan-ruan-hen-ku,207
guo-tao-45-48,88830
chaoxu680,1489
ma-rui-yan-85,2
xiang-yong-24,26201
acfundan-mu-shi-pin-wang,108079
yu-rui-13-55,509
ffancage,130844
mo-ming-qi-miao-xiong-bu-zhi,4458
qiu-xing-38,23
gao-shan-liu-shui-99-60-68,1
excited-vczh,767160
li-li-qiu-91,866
si-xi-87-si,2
er-shi-si-qiao-reng-zai-25,1695
he-si-xuan-27,274
sexqueen,2509
zhu-xiu-ling-45-13,2244
kaifulee,1062346
ying-zhu-2,90
bi-zi-yuan-inside,837
nan-pai-92,1
lu-jin-lu-75,2122
