sme-98,205820
zhang-zou-zou-36-12,1
bai-li-chu-ling,13134
chen-nian-da-zao,42832
kwanhiuling-65,8359
peteryangsensei,7546
csmsxfd,8211
qi-dian-zhong-wen-wang-36,90423
quan-min-gu-shi-ji-hua-67,78489
seasee-youl,432358
ke-li-si-ting-cui-hua,105391
fei-li-pu-jin-ba-duo,33812
rosa-chan-21,762
weijiayi,62234
xie-ren-ci,7542
raoxiaozhi,2500
tang-xiaozha,24108
yu-zi-xu-15,8792
zhouyuan,929535
rd-ne,134434
