jiang-si-da,27269
zhou-tian-56-71,1
luo-yao-zong-85,9
creamyluo,51911
jin-zi-chen-30,125
ruan-zao-xi,20
