yang-qing-qing-39,178
su-yan-31-23-84,17
ya-ya-47-80,11
xiao-chen-24-66,675
tang-li-ya-49,39
tian-yu-xiao-85,8
zheng-min-59-87,4
ling-hua-11,168
yi-zhou-75-62,30
zhuo-zhuang-de-mao,75
summer-6766,1209
su-mu-zhe-5-37,23
lei-pei-95,129
ren-li-84-35,429
autumoon-ryo,10
shu-feng-wu-yu,60
gu-shan-ta-ge,33
gao-lou-xiu-du-yi,10
xie-fu-li-49,92
zhu-shen-de-en-chong,10
