microsoftnews,16685
iamzhangxinxu,4145
pegasus-wang,11916
chen-pei-si-13,92117
wangyisi,427
sangka,786
lscsk,8068
Fdyo2015,4920
tian-yan-cha-40,44905
GalAster,37209
xi-lin-nuo-21,42507
brambles,1964
long-ya-57-84,236568
ray-31-1-1,35
pan-yi-fei-52,1252
shao-nian-81,13446
zhihuadmin,158992
biezhi,3920
flashyiyi,3056
xuyuehui,51
xdbcb8,4515
da-bai-cai-97-60,6152
52abp,412
MSCortana,6283
cai-yao-guan,1316
bbji-43,82520
huang-jason,348
mikewolfwoo,52220
watchmen,1027
forrest-chang,1793
mrsk,10090
feng-tian-ran-81,399
3dmhanhuazu,520
zhang-san-67-80-70,4478
wangbeinan,15139
dead_horse,4467
ren-yi-8,102666
gaojiusi,9152
acfundan-mu-shi-pin-wang,107959
eseedo,16783
tian-yuan-dong,83315
fengid,9004
abcdabcd,23112
zhang-wei-9-4,124670
e-le-me-15,8869
li-yao-42,465
lao-ba-ping-ce,154273
liu-ai-87,3743
liujiang,35190
shu-rui-ma-27,51
henry-li-03,3402
pingcejun,92937
liangshanguang,878
asuka-32-12,268
zhu-yu-ji-74-30,911
vthinkxie,1112
bi-shu-68,180
2gua,9863
williamlong,23959
ai-yu-xin-7,556
boleban,4861
cattyfish,62
fusheng_,146
wufenfen,978
zheeeng,338
LittleBallOfFur,171083
deerchao,379
foruok,41311
shiningray,4470
za-xiao-yi-ya-ya-ya,43077
mei-tuan-yun,780
fanhc,1187
Rufus,11207
in-nek,20574
wan-xiong-a-xiong,137474
zeeny,78308
wan-jin-you-39,200728
wenxin-55,137
li-yin-cheng-24,4836
kitten-mandy,230
huchedashifu,42867
li-lei-up,205740
sean-larkin,1457
hakurei_reimu,17116
zhang-qiang-yi-sheng,11155
WuGuangYao,930
skyao,6416
nswbmw,1483
minqi-pan,480
smartists,429
eveningme,7
JoveX,4
morgancheng,56621
jerryddg,1219
shonejin,2602
heavenhuang,3227
dlightwing,267329
cris-leo-36,1438
int32bit,2442
huang-yi-50-6,2041
li-yu-bei,1775
linuxzhong-guo,45133
wang.peng,326
zcbenz,4787
rebornix,4677
ehome-dian-zi-jing-ji-ju-le-bu,30001
geekpark-16,50329
qiushuang-1024,4595
yu-ting-hua,35798
xu-min-hua-78,329
mei-tuan-dian-ping-ji-shu-tuan-dui,29395
zhang-wei-18M,26924
chen-da-hua-666,91551
tang-que,341725
yuan-zi-qian,25949
shi-letian,100730
wu-shuang-27,651
husky0708,115941
bei-ju-39-4,92
bangbang93,246
cui-ke-nan,200
luo-yang-19-53-76,32456
pang-wei-wei,3139
shan-yang-yue,176412
hu-zi-da-ha,5845
qia-qia-qia-qia-ba-si-ji,22
xtlisk,2489
ai-fan-er-85,104817
coolcode2016,343
damoqiongqiu,8755
liu-zhi-ping-62-98,131
grapeot,29785
gong-wan-ting-78,114244
yinjie1218,112054
shelley-lee-94,2888
hao-zhen-yi-65,75
woniuppp,997
rachel-53-97,3341
danebrown,159
jasinyip,19395
ao-yi-hen-shuang,31538
mi-zi-89-58,17954
teng-xun-ke-ji,161853
jiu-di-shui-csi,38883
whq731,102
mingjun-yang,301
bei-ji-85,27791
lu-guo-shi-guang-de-wei-feng,3346
goshizanka,110531
dizhe,49174
luin,1205
wanya951028,2672
teng-xun-70,66432
liu-yi-50-30,146378
wings-dian-zi-jing-ji-ju-le-bu,13477
li-yi-69,1776
hu-er-da-lian,148040
sheng-fan-jin-yi,217309
liao-zhi-bin-69,2600
bangerlee,1274
qin-bing-38,11219
H-O-T-K,553
yu-san-geng,171790
hongbo_zhang,4489
necromanov,27887
zhihusucks,22872
shiqu-95-27,3541
hackl0us,566
cuo-nan-30,2946
yuan-lin-39-95,1942
u-hey,252
hai-ruo-13-20,3
DOTA2-LightofDAWN,2103
sonkwo,4670
wxyyxc1992,7670
chi-gan-bao-jian,3622
scorpius,43
farseerfc,1641
wu-jiang-de-007,2507
mei-mei-13-9,12139
F211,5020
dingshukai,1591
weizongqi,88
tumutanzi,965
gdgeek,2771
zhao-pu-3-99,28338
zilch,47786
hug8217,3947
wang-jian-98-21,17
chuyunfan,76911
vczero,2111
fa-jia-zong-zhi,21299
chang-you-qing,4510
lin-qing-wu,2269
teng-xun-bugly,17424
you-yan-she-47,134116
li-bo-jie,7580
enjoy-jing-xuan-mei-shi-dian-shang,130074
nobodynothing,16798
cyberknight,144253
tian-ji-shun,707269
si-tong-11,37757
std4453,351
alpha-gde,7015
jiyinyiyong,6517
jimnox,8292
Reducer666,391
jesselin,30095
helixzz,276
ma-yao-36,133
hu-jiang-47-50,199365
huoxingshe233,183
chu-le-75,109615
fengjiayao,1783
robber666,86
zhu-pei-dong-79,4721
negar-kordi,321638
you-xi-shi-guang-vgtime-57,47248
li-jian-qiu,109546
wang-yi-chuan-61-27,4
