zhao-da-xiao-jie-75-34,25947
miyanorim,60
vxst,466
liu-shu-62-98-41,1
adriana77,13
yuan-er-biubiu,654
anthropokult,882
chong-yu-bing,597
paperclip,12238
ben-yi-67,308
xu-jia-xin-69-76,1641
wan-e-zhi-yuan-yun-er-tai-tai,511
mo-fa-shao-nu-xiao-chi,785
man-li-sha-89,2
blueeye-35,14956
zhihuadmin,158903
bo-xing-qiu,635
kazeneko,572
hareruby,120
yun-er-tai-tai,625
19900216,10366
zou-shou-mu-mu-mu,495
todayuuki,7887
du-yuan-70-37,284
alvitr-yui,3670
alf-a,551
li-jin-peng-56-7,1610
bu-bu-jun-13,71
qian-quan-yun-jian,5142
mochimazui,77
wang-si-dong-13,7
Shokaku-is-my-lover,4599
excited-zeng,461
xiao-ye-bo-78,4611
xu-guo-xi,24075
neg_entropy,38846
hu-ze-hao-21,359
jesor,25087
rucaz,35335
xue-er-57-11,2225
ying-huo-19,675
liu-li-feng-zhong-ye,5359
illusionwing,142
smoluchowski-12,89
pannki,1245
juice-orange-40,266
Kristall-Wang,2574
jacquelinehujiaxin,2354
shinnka,2933
cao-zhi-chen-86,23266
Barachan,5108
mao-gong-zi-37-40,6010
mi-pa-pa-50,58
ma-lei-83-76,9286
hangzhoukendo,667
haku-61,24766
yu-jia-ping-82,507
san-jing-han,276
Asilena-Vivi0725,65
zjubank,21
