120701101,9
qian-alex-53,25
gao-feng-zi,9145
qi-qi-guai-11,1
ying-jia-hu-lian,23
gong-cheng-feng-14,3339
zhang-jun-50,1313
Evanshawn,306
ke-bi-52-47,231
chongchong-zhang,5139
92nian-de-da-shu,166
chang-dao-wu-hen-1,12244
constructionlawyer,1139
zhang-lei-72-35,14
zhen-ji-94-9,57437
liu-qing-48,80295
aaron7yu,1083
you-bai-zhuan-jiao-yu,234
huoshanhonghu,174
iStructure,677
li-ze-qiang-98,1277
waylon-28,218
everything111,5079
bimge,94
zhang-yi-69-95,142
nara-lee,1328
lu-shi-long-97,79
zhou-lei-76,855
he-yuan-zhi-2,150
qipimiao,12225
oozzyy,2312
jiadianxin,2365
zhong-qing-xiao-jiang,8
wu-di-52-75-16,13530
wang-bao-zi-80,561
li-ming-yang-86-56,13949
lu-hong-yu-53,641
xian-ben-nuo,1
pin-ming-bim,12
yao-ai-jun-97,6
zong-heng-bimke-ji,4
bimliu-shuang,14
lee-9-68-38,14
bim-gong-cheng-shi,38
bim-ji-yu-jie-suan,26
she-ji-yuan-bimzhong-xin,41
TTcici90,1273
iwangc,27
tong-ji-bim,40
zhi-shi-jian-gong-bimzi-xun-pei-xun,59
Mr_BIM,395
jiang-yue-77-54,350
sylor,4785
wu-wei-dong-43-65,495
RonnieL,159
zhao-xiao-gang-53,554
bruce-song-bim,1296
hu-sai-87-50,53
chai-li-feng-46,8836
weixin15105204715,95
qu-zhan-cong,1464
wang-xu-52-68,252
bim-27,56
da-chu-chu-23,236
liu-xiao-36-85-9,912
cu-guang-lao-nan-ren,25
xu-chen-62-44,184
ye-zi-31-48,1
rhinostalgia,889
jimmy-chen-89,12955
jie-gou-gong-cheng-shi,62
sun-bin-12-58,10041
shi-ba-ceng-30,22
li-xin-yi-61,1724
chandler-li,27
szjzpx,893
Typetransient,730
zhou-alex-38,360
tanlegequ,188
wang-zi-rui-45,610
