zhang-jia-wei,1846736
rong-da-yijie,1152
allen-xu-3,30591
chang-kai-shen-32,161377
hun-yong-si-yan-li-chang-chun,13859
xiao-wu-zhu-bu-xia,54516
Trevor-Woo,39658
ji-xuan-yi-9,189312
leng-zhe,290767
xbjf,120688
li-jian-qiu,109798
yaomeng-hunpo,41
gan-shi-jia,3863
guan-mao-12,73794
gu-zi-ming,41665
mu-hao-gu,5622
ye-lang-huan,1536
ning-nan-zuo-hou,9792
kgb1059,6305
tai-yang-hua-ban-62,1
yankee1990,4883
fei-long-31-67,47
zhu-zi-chuan-80,73
li-li-shu-95,591
zhao-tie-chui-65,300
cjoe,5274
wu-guo-qing-66,145
nu-li-11,3989
Financial-panda,7427
fei-chen-3-77,52
yang-jie-kun,26
chen-lan-xiang-76,286006
zheng-chen-56-7,4669
antonischen,1
gou-zi-56-47,45027
li-yang-77-85-1,18779
gong-qing-tuan-zhong-yang-67,368966
lao-bu-meng-50,20170
chen-mu-lei-17,3367
zhao-hao-yang-1991,109029
