justjavac.com,32169
rednaxelafx,122874
hei-sha-you-xi-shou-ji-96,1334
bishi,3244
adam_wen,1070
kanade-17,2098
hei-jiang-shi-yan-shi,1526
ao-xue-yin-shuang,5987
xiao-xiao-ye-bo,14168
astro8192,783
i5ting,7267
lihuaxuanerji,9653
mu-yan-orz,17924
mu-yan-43-77,146
TPUSER,1223
gnap,21339
gao-yuan-52-56,2050
bi-li-bi-li-71-5,291398
husky0708,115929
li-te-te-79,64
ling-hu-zi-yuan,138
niu-ke-wang-53,40209
siweining,1798
ye-bo-zs,8870
dead_horse,4478
bao-xue-long,3241
xiaxiaozheng,28891
freejesse,12
wo-de-shi-jie-minecraft,2374
zhou-ke-chao,316
the5fire,1709
tupaoer,234
pansz,238492
tongzhe,68724
pegasus-wang,12097
shen-me-zhi-de-mai-76-83,131980
wang-yi-lang-chao-gong-zuo-shi,56991
linuxzhong-guo,45278
gui-mu-zhi,223858
huo-gu-lao-shi-ren,11291
chen-zhi-yan-60,390
excited_laile,85417
reseted1499407569,15488
ai-mi-60-49,789
you-yan-she-47,134327
jiule-yi,113168
wang-yi-yun-yin-yue,15126
-xiao-jiu,4580
meng-jue-99,95205
wu-chuan-ming-68,5028
zhang-jia-wei-64,2601
scboy,12013
tai-lun-te-52-18,2194
xu-guo-xi,24114
jianghanchen,77457
tanchaobo2,23057
dmmdpp,11536
lidang,86761
coolbrain,130069
fang-bei-34,1413
dong-zheng-61,12
also777,3
zengxi25,1002
ShikiSuen,8597
rio,351690
emogap,59331
hu-jiang-47-50,199541
evanyou,87865
susana-zhang,8905
whshang,2547
xie-mao-67-20,11234
ding-xiang-yi-sheng,1506989
hill1895,220
li-yao-15,4931
ai-fan-er-85,105256
petelau,19444
dongweiming,33574
liaoxuefeng,80896
xsztd,50222
zhong-ke-yuan-zhi-sheng,121320
