cai-lan-80-17,232093
educk,16713
yooxiao-qi,20
meng-meng-14-74,9292
Jeioc,11148
sl3min,155650
yu-ye-29-18,235
neopeking1943,36054
Li-ru-chun-,31384
zhangsiyueooxx,10892
lolita-83-79,7411
sophiexiao-xian-nu,4160
alice-xi,145248
yu-hai-tong,2907
sen-nan-66,3608
ojufff,126309
rachamzhang,922
kitchenconfidential,25451
wang-ha-ha-11-58-35,1014
chen-yi-zhu-43-46,1302
qing-mai-32,204
ezoey9,1775
wu-mi-san-dao-91,17166
wei-zhan-bu,67
yun-yi-31-84,3309
adp-23,1174
liquangaoyang,12305
rong-ji-86,1284
zhao-jia-long-85-66,42
qaaaaaaaa,6215
yu-qiu-55,21
JulianCheung,5068
imagespewer,8161
zhang-hai-tao-94,61
hui-zi-51,206095
wei-sen-31-42,71
jiangxiaozhang,188016
gilbertglaze,20725
tan-tan-tan-22,1733
hoodlum1980,1385
su-fei-17,421674
zgqbambridge,12529
bei-mang-4,143093
meng-zai-xi-yuan,52681
hua-hong-ying,36320
xia-chu-fang,531497
Ye-xiao-bai-40,64068
wenhang,2744
celes-chan,6687
zingfood,84294
yingjie-ma-6,1313
Namoamitabhaya,104074
doonnerdie,36800
yejoe,31154
wen9,169181
zhuangchan,42155
tang-guo-40-50-45,6030
li-yan-lin-22-95,116361
lu-xiao-yi-54,47901
forensic,122627
winightcrazies,27425
excited-vczh,766738
qiao-yi-11-58,2891
sheng-shi-48hao-12,41608
li-yong-zhi-11,605
li-ai-lan-66,31347
li-yin-he-25,184961
zhefu7942,5556
mi-diao-xuan-feng,22109
bo-cai-28-7,435191
lsd-yi-weed-yi-dmt,61
xun-mu-li,13218
mandelbrot-11,158607
huang-shan-2,28610
jing-shan-yu,315
qinhaoran9444,2271
shalott-kaz,168
zuo-yi-87,203
xiang-mu-duo,10772
guangli-liu,10701
MayDayParty,8528
ying-tian-li-xian,2226
liao-bu-qi-de-su-xiao-jie,83416
jin-zuo-47,2778
wu-lue-lue-39,1513
Eremita,3659
zhuang-ze-xi,116747
chen-yi-piao,139129
lai-xu-cang-zhen,47648
zhang-jia-wei,1846202
too-young,32937
