huanglxie,41
zhou-jie-47,71497
hun-dun-xun-yang-jian,13698
wang-ju-ping-58-50,1519
zhou-chen-yang-34,524
Huanggua123,7806
sunsky,4386
gong-pan-86,5401
shijiuliu,39912
san-mei-xin-li-zi-xun,71
li-jing-20-69,80924
hun-dun-da-xue,15165
dachen4,13164
ji-le-18,134367
he-zi-yin-57,37017
Zoe2012,78239
sunshu-shu,5
zhou-xiao-nong,497631
yeyi,50079
