227672,44
guo-wang-xin-ren-xiao-xin,1
man-shi-tan-yin-11,2
ai-chi-dou-sha-bao-de-zhu,3
shot-hot-9,3
tt-dd,121
hu-bing-chuan,85
gongchenger,1810
qingfengju.com,63
jian-qiang-de-shi-tou-63-30,1
qing-shui-wu-yu-liao,1
ning-meng-bao-bao-56-69,3
yiwanday,1
lv-hong-lan-21,3
wkddl,1
wang-shou-ren-63,56
yang-xiao-han-95,14
rolyweng,136
bn-cn,25
hei-mao-xiong-zhang,79
ti-lan-mai-cai-57,4
chao-sui-bian,1
yi-xiao-ting-44,2
niuneil,13
zhu-zhou-wei-43,80
ch-en-48,6
zhang-dong-liang-54-31,29
su-cong-93-4,17
fa-li-54,68
zjusxc,9
westtoback,28
bai-yu-89-65,93
silent1226,3332
wang-xiao-bai-72,3
kong-ji-ru,2
parislover77,1
zhang-da-wei-41-77,38
liu-han-8-85,5
jiang-chao-94-6-83,1
cheng-yun-14-81,2104
xu-zhi-wei-30-81,3
qian-fu-guan-wang-de-shen-hai-shu-85,4
li-si-cong-84,6
yue-guang-qin-liao-cheng,2038
li-yun-38-23,1564
luoyuanshang,55191
focout,15391
