liu-li-man-6,1573
songxi612,585
meng-de-85,27341
zhi-kan-bu-fa-11,760
gaoming623,70661
wangbo1118,34611
williamwong,6938
chen-bu-zou,28034
easteregg,81072
benlee718,2394
han-shi-lin,35999
GUOgogo,59
qian-cheng-94-90,661
quan-shao-7,64
jiadianxin,2349
lang-ke-xing,912
kuai-ding,5220
moulang489,46866
xingke-think,74713
kiransong,228
zhu-shu-shu-60,127490
crazyken,15810
qiong-you-jin-nang,348195
qu-zhan-cong,1462
ren-ze-shui-zhou,6734
zhang-jia-yi-70,2638
li-yang-78-93-7,706
skiptomylou,144534
lijingjun,4157
lin-zhi-yang-99,3778
lipincn,8614
erika-24,2816
QfwfqQfvfq,4692
zhang-chen-xue-46,11584
lu-shan-shan-98-4,1460
steveshi,124009
zhu-zhu-ma-26,10432
sylia,18141
elysion-forget,65452
dang-ai-yi-cheng-wang-shi-85,4847
yang-hu-35,498
zhuxiaobao,286008
chen-jing-hua-29,102354
li-ji-chen-,70843
shang-yan-zhong,788
jasminezou,34940
moire,33539
SemitLee,152992
xushiyuzhihu,42554
jimmy-chen-89,12938
rd-ne,134412
xia-ji-ji-28,172137
huang-jin-ju-27,2634
li-pen,45423
amhooo,1410
masao-date,3857
masao-kane,1537
perry-song,18820
pi-fu-80,1
ren-xing-xing-99,27630
shuojiong,24154
tan-man-ru-28,165759
zhu-xuan-86,740491
yang-han-63,651
cogito,295694
kimikot,31768
godling,132785
xiaodaoren,396903
hakumo,6503
zhou-kai-xuan-47,33653
willoughby,28320
akasaka,25154
hao-lee-17,25389
roc_lee,75984
eric-liu,98303
uein,87
jackgang,17
CookiesNee,179936
li-lao-san-98,6363
super-monster,4915
liuzhonghao,5848
ribenge,33971
su-fei-17,421476
liu-yi-jie-84,85526
vinciarts,105737
imior,457
zhao-___-si,22295
luckyseraph,151
zhang-xiao-bei,731189
burun,102075
sunlau,377599
juliushui,54555
e-miao-de-nai-ba,449652
joshoka,108935
