cao-feng-ze-37,92354
fu-lan-ke-lin-91,18322
yangbingli,52760
xiaosuanmiao,10105
pfdlw,36218
deng-yi-fu-83-71,157
cang-hai-16-19,16540
lao-bing-yin-ji-xian,172508
huo-li-wang-2,1393
zhen-shui,11677
wang-tan-33-32,56555
ji-zhi-de-nana,15234
qiao-jia-xi-2,5922
sheng-fan-jin-yi,218551
zhizhezhengdao,10779
WFCB,1285
loujunshi,13526
xiao-mi-gong-si-10,11017
lkh2015,50637
li-li-15-9-83,10546
banfoxianren,168677
ling-hu-fu-gui,113362
vivid-chou,53495
lisongwei,521421
xiao-mi-dian-shi-2,9200
zhong-ke-yuan-zhi-sheng,121323
zhouyuan,930160
jiang-san-jiao-lv-shi-shi-wu-suo,10036
shi-ji-wen-jing,1483
ding-xiang-yi-sheng,1507268
zhong-guo-mei-zhu-xue-yuan,13542
wei-ruan-ya-zhou-yan-jiu-yuan,53206
zhong-guo-ke-pu-bo-lan,319384
nekosuke,17094
yi-zhou-jin-bu,40879
yin-chang-ni,36553
ma-qian-zu,456991
dhchen,79980
sl3min,155795
husky0708,115924
MayDayParty,8529
mi-jia-wu-shao,6093
wang-rui-en,288208
zhihuadmin,159542
Padmasambhava,183621
MetallicatCattery,18211
sun-hao-ran-83-83,2581
acfundan-mu-shi-pin-wang,108072
xi-gua-ai-mao-wang,14554
MSCortana,6282
lu-chen-xi-9-98,108906
ku-ka-pei-xia-lian,44077
tang-lang-zai-hou,948
bu-tan-zheng-zhi-lao-bei-feng,2221
you-yan-she-47,134338
shang-pin-zhai-pei-47,65885
yue-wen-ji-tuan-96,1935
wang-xiao-mei-10-93,852
shen-me-zhi-de-mai-76-83,131995
ren-min-wen-xue-chu-ban-she,49862
bao-jian-feng-51-21,1713
yang-chen-76-53,1689
liu-liu-86-78-46,43833
meng-de-er,279230
ma-tuo-82,134805
li-jian-qiu,109902
zhanghansan,8677
ChenZhangyu,590944
kai-yuan-ge,12677
liangbianyao,679884
men9ka1,656
tian-ke-le-2015,165085
wang-wang-wang-10-36-95,21416
xu-xiao-yue-99-22,6239
whiteheart,73399
zheng-gong-si,43232
mi-jia-shang-cheng,13754
yuan-hua-ren-67,22501
guo-si-si-20,72
liang-xing-yang,115672
20101081,717
baihedang,11814
miao-da-xian-91,618
mu-tong-89-51,1847
chen-ya-nan-98-92,2515
patrick-zhang-3,221672
nuan-xing-she-ji,5579
zheng-ya-qi-52,31954
zheng-yuan-ji-94,719
feng-zhi-shang-84,6894
luo-hao-98-87,94184
mo-ruo-55,3041
gui-mu-zhi,223866
han-gong-zi-96-45,383
mu-nuan-yue,5035
chang-kai-shen-32,161421
warmwine,177676
yun-tu-dong-man,19799
mmymmy,203207
GreenFinch,195388
li-yun-jing-56,76424
cheng-yi-zhi-44,27083
binks-17,81
linyuxuanlin,2766
lu-xi-xi-55,132961
bu-chi-gan-sha,24603
edtall,260517
kaiserwangsitu,301539
su-yan-64-50,896
pu-li-ren,9529
gong-lu-shang-dian-ontheroadstore,81268
dong-hua-xue-zhu-pa,33355
xiao-tu-59-9,11461
zhang-xu-guo-36,38178
a-lang-88-77,48898
quartz,85462
ju-wai-ren-16-37,5919
quan-min-gu-shi-ji-hua-67,78521
zombiewriter,50341
shan-zhi-76,84837
linkedinling-ying-zhong-guo-82,32422
da-hui-48-53,11860
oalbum,61779
wang-dao-81-40,269
alex-cui,57840
gong-qing-tuan-zhong-yang-67,369120
ren-zha-xiao-xi-feng,43002
douzishushu,359567
excited-vczh,767095
mandelbrot-11,158663
hao-hao-22-52,1336
playps,2718
shansengsaoyu,134000
yinawangluo,2498
wei-lai-shi-wu-guan-li-ju,25634
jiu-wen-zi-86,27560
wegene,233
ya-xiao-suan-ming-de,46528
cai-jun-98-37,103229
qi-dian-zhong-wen-wang-36,90527
