chen-di-19-39,63889
dai-yu-xiao-72,1204
bao-xue-long,3228
kangshishi,123463
se-shang-fang-bu-bo-shi,17395
hao-ran-79-71,481
deborah-lee,3438
yu-guang-tong-chen-99,12907
a-la-la-ji-mie-mie,78
zuieniang,46514
shi-ni-mei-71-75,38
knowyourself-1,793474
pengyuchang,76310
wang-luo-dan-7,92039
zhou-dong-yu-55-93,330632
wan-qian-75-21,75605
shipengyan,7465
xian-jing-88-73,25352
crazybuffon,28
lllbk,5949
edwin_hao_qing_han,10959
daifuku,42315
brynnlau,7450
ren-min-wen-xue-chu-ban-she,48555
wpox,20108
yan-yuan-pan-yue-ming,166389
xiao-zhu-5-56,2659
Dr.Ge,2326
wang-ding-ding-26-31,12792
chen-dong-zi-7,840
bing-yu-68-96,477
bk-pang,474
wang-ze-lin-39-1,4652
kao-la-2-80,1820
ffancage,130708
chen-zhuo-49,60778
econhistorylover,129714
daviddu-38,8
xu-xiao-cui-51,39
jiafeili,13872
li-xiao-ming-42-35,20
guo-hao-tian-10-31,10019
divinites,169976
deng-ge-12,45
pu-zhao-12,10
lishuyu-bao,8
dongyh,26
yo-le-ge-hu,38
flywithwwind,22
Dafagut,689
andyyyxing,116
williams-jason,18309
astro8192,776
di-xia-si-zei,241
su-qun,62583
xu-zheng-36-39,28822
mishisi,195864
justiceforall,136729
melodyrosy,7550
sijichun,178087
yan-wei-ran-73,2243
liu-yu-xi-77-22,213
xing-zou-de,170
ronman,136
chen-you-li-16,1237
zeyu-li-47,3
keran-ho,19
zhuqiqi,23783
emily-lou,44836
zhang-jia-wei,1845569
watcheco,57286
fang-qian-98,2
nashlew,23619
meagloria,159202
zhang-fan-23-84,11549
chuan-er,32
zhou-dou-dou-99-62,2
hu-la-10,1
zhao-yu-sen-94,4
lettirain,12
boyan-tu,4
wan-yi-lun,26
bu-neng-tui,2
juice-zhao,1
captain15,1
fan-judy-26,63
manasdirge,108
payonzhuang,180
guo-nian-nian-65,301
lian-yong-hua,3448
gu-lin-qiang,285
david-rand,231507
rachel-liu-76,381
wang-ying-9-38,2
ao-sa-ma-79,811
arthurdent,10378
hui-zi-51,206038
minilily,168770
peng-yan-bin-bin,8
yin-ru-si,21878
sherrylimusic,135381
ai-li-sen-80,1
alice-xi,145179
zhongyishiyanjisheng,11238
wang-ping-22-56,1
zeng-zhuo-qi,150
huang-long-ju,7125
zhou-shou-zi,194
wang-lin-83-53,111870
jia-si-ding-di-si,583
su-xiao-peng-you,183
yandeng,64146
cha-xiao-hua-22,40350
zeroyun,56
kuhasu,17023
pis-enormous,5
yan-ru-1,357
danny-Blue,536
wangnuonuo,393831
liuniandate,305215
zhu-lian-zhai-zhu,6968
Miranda_sr,39
ji_ye,334
SensoryAnimal,26565
oliver-queen-71,3
cogito,295713
chen-wen-23,7
bw123,649
evi1z0ne,9964
kuma-hsuan,16339
su-fei-17,421605
jie-mi-32,583
mao-mao-12-94,412
faye-98,12358
xiao-gai-97,797
zhan-ci,5969
zhang-xiao-yu-73-24,14731
bo-cai-28-7,435104
lin-yy-33,3
rio,351649
donye,87118
wu-qian-1,10
song-ci-16,13
arthurlwyi,132
gao-peng-79-50,40
ai-ai-j,12
lin-xi-qian,1
zhou-kai-xuan-47,33653
qu-shi-pei,10
gao-ke-69,597024
xinyun-jiang,13959
sosologo,14
chen-yanjun,7
ceng-tian-tian,15
alt-alt,12731
xue-luan-yu,209
binka,464918
minziaijia,10501
id47,100349
soha,507
liu-xiao-miao-1,8900
dun-le,25
chibaole,371464
briansun,64914
gejinyuban,667253
q-curtis,28
dannyw,134997
stevenhubin,16855
huang-pei-hua,2993
gao-xiang,4731
keso,330065
xu-xiao-ping-87,158324
suithink,39428
jiang-fang-zhou,247685
guanyadi,275501
luxenius,152190
shenbin,101684
roonherzog,39353
lawrencelry,408355
chengyuan,166980
shen,134182
