yorkie,4466
Ivony,75265
sharpmaster,33854
futureinst,6567
fang-zheng-3-34,23731
FreeGrit,19085
zhang-jia-wei,1844981
aahua,1645
xukq,1611
anlitong,2721
chen-qing-50-10,11
zhang-qiu-yi-27,22642
minmin.gong,138650
dou-wei-52-22,122136
bo-zhang-65,64
chenyangjie,5
hengruo,4659
shansengsaoyu,133877
jimnox,8292
yibuyisheng,483
