xiao-zhe-86-4,14
gui-ying-da-ren,7108
jdxz13,1402
xiang-ge-15,27
quanbrew,4961
zhen-shi-gu-shi-ji-hua,526765
le-wai-wai-7,51674
xiao-xiong-118,428
hong-jin-kun,50
wei-ceng-73-70,1
wen9,169227
wen-xiao-long-68,63
luan-yi-peng,1052
seasee-youl,432466
Leukotrienes,5801
shi-yi-xu-60,37882
wang-tan-33-32,56546
chen-gua-du-wu,5145
wang-ni-ma-94,645980
Hemerocallis-Yu,119266
-yu-25,42097
xiepanda,466498
