wang-zhi-feng-22,59089
teng-xun-ke-ji,162029
janson9165,199
liu-yu-46-26,101
wang-chao-10-28,33531
yan-tu-zi-roy,25
zhang-jia-wei,1845814
luo-yong-hao,113776
zoopda,1865
yuan-li-nuo-96,557
chenhu-liu,5
zhang-liang-77-54-22,176
zhang-zi-zhe,6890
ibin,817
du-xiao-du,24933
michelle_yang,1052
li-yan-yong-36,3
manciniwang,73
wangyali,328
tangxiaoniu,1146
654321,494
zxdy,293
weixia812,3753
wu-xiao-bo,50
chen-lin-17017,16
yezhu,161
ypster,11
Lantisz,120
yoga,146
hu-a-lei,2
billhan,113922
zhoulin,1438
ricardoxiang,22
elderman,491
liu-yang-54,60
fu-ying,15
raybne,87
neaton,7532
chesanqi,600
wind,10281
47463737,494
zhaomeng,567
iris-huang,62
licoco,1536
lu-nuo-65,11
jerry-tsai,889
EchoPeng,572
zhang-peng,130308
caohuaining,54814
zhang-xiao-bei,731396
shaoyibei,13499
kaifulee,1062095
