long-ya-57-84,238095
mileijun,242385
hu-pu-lan-qiu-24,15809
quan-zhuang-xing-creamyluo,757
bi-xiao-tian-99,105353
beifengzhishen,8711
wang-ni-ma-94,645982
zhang-jia-wei,1847296
creamyluo,51924
gong-qing-tuan-zhong-yang-67,369103
xiao-tu-63,975
lu-chen-xi-9-98,108900
ma-qian-zu,456956
jiangxiaozhang,188037
rosecrimson,158553
qiu-lei-ping,25623
yin-jiao-shou-32,343987
qian-pin-ju,124974
lao-bing-yin-ji-xian,172503
zhong-guo-ke-pu-bo-lan,319302
