ren-min-wen-xue-chu-ban-she,48769
teng-xun-ke-ji,162068
hu-rui-shu-ju,109
zi-quan-26,55044
Moliba,76
tan-wan-de-li-mie-mie,23
a-ai-fu-17,119
zhang-yi-92-62-89,10870
ma-jia-hui-10,38880
cheng-shi-man-you-ji-hua,849
luo-da-you-41-37,38587
zhu-yin-lun,18839
zhihuadmin,159155
fwly,55
alvin969,23259
yu-jun,59601
TigerQie,29245
mao-yan-yu-le,9792
ke-xue-shi-jie-za-zhi,70134
liu-xiang-yu-66-81,67637
