mei-xiang-guo-zai-jian,43
jiangche,3987
gong-chang-38-22,2415
yokicui,6
excited-zyb,20070
zhen-bu-dong-44,17
xue-xi-de-yu-de-lena,8
D-A-F,17
tian-tian-78-10-86,43
leslie-hong-80,2
cheng-ting-57-17,101
mika-chang,33
molawu,69
fan-meng-meng-59,671
hs-ursula,8
he-yu-ji-33,78
ha-hu-yi,256
nio-huang,51
misscherrypie,44
mu-zi-zi-mu-79,22
di-xiao-bei,313
guo-wan-yue-13,6
Erdbeerkuchen,16
dsliu,9277
rickidai,37833
gabriellapan,95
xu-zhou-75,22211
bu-zhi-6-63-16,3
lin-yue-de-hoicai-zhou,4
de-jiao-shou,1211
chen-yang-90-21,23912
peter-87-31,2
CeEstBon,3
linuswa-wa-wa,60
tan-li-li-19-35,6
liu-ni-er-37,1
nyydhx,2653
wen-si-39,1164
ma-qian-zu,456606
li-hai-wei-30,27
