jing-ji-2-70,3
liu-jie-50-82,7188
he-li-you-85,1452
dao-ge-si-ai-ge,91
saruhou,342
fei-li-pu-jin-ba-duo,33811
lai-zi-bai-lao-shi-de-mo-ca,14681
xiao-hong-shu-37,20704
wuweilxl,52468
su-wen-87-46,3270
xiao-min-yang-shen-xue-tang,2184
Orzmiu,2062
tanglvshuyi,25689
lin-zi-44-45,46910
lxghost,59402
ji-qi-zhi-xin-65,118117
zai-liu-zi-52,24258
guo-zi-501,523998
yuanborong,4371
gong-sun-qi-65,18482
