verycool,22528
sevenqi-7-1,7522
fan-yi-mi-34,25689
cao-feng-ze-37,92308
ju-li-xin-fang,304
ren-hang-90-35,2158
knowyourself-1,795422
monica-38-82,193
gong-sun-kan-kan,95
ding-ye-87,21415
andrew-zhu-67,213
zhihuadmin,159440
kao-shou-de-mo-gu,20998
han-tan-he-ying-93,2699
a-lei-54-93,12355
yi-tai-chuang-fu,107865
su-xiao-xia-41,3
zhang-tian-ran-76,775
excited_laile,85418
liu-xing-ming-93-22,758
zhao-hao-yang-1991,109031
jin-hui-hui-12-52,1
xingtong,10859
gao-yan-bo-14,3
cui-ying-shun,7
mu-tou-25-63,26
biubiubiu-63-58,13
you-chi-de-hai-ma,5002
silvia-3-28,110
ma-yi-she-ying,13504
nian-jiu-jiu,1
wen-yi-fei-31,168543
sherry2010,1779
guo-guo-guo-95-29,7672
meng-ge-2-58,144464
noyy,627
xia-ji-ji-28,172207
dingo0530,6
xiaozhazha,24382
cworange667,81701
dandanjie,74770
wu-yao-59-31,22515
hai-xiang-ta,71469
ling-long-xie-seng,156350
xiaoyejesse,80886
wei-si-li-82,87315
shi-yidian-ban-98,100663
wangyuancheng,87790
xie-ke-41,27168
wang-si-mo-13,1
chen-yu-68-33,3
cui-ying-shun-91,2
zhao-chong-yan-31,1
wang-zhong-qi-98,3
daisy-50-13,12
tiancaiyang,551
feng-hong-xie-15,82565
zhangyuqi,326
liximo-GBP,116249
guxizhao,92462
reallysugar,255795
kun-yu,120289
jennywang-94,112974
yskin,29210
grapeot,29793
songjian,11260
wang-wan-78-48,46472
liu-san-bian-13,10459
simona-wen,65841
chen-jing-hua-29,102376
bai-ru-bing-58,141088
bboczeng,58629
wuchangyexue,119689
trendol,56359
Wejoice,56755
tangrenjianli,12871
binka,465035
xiepanda,465863
aullik5,64306
sun-xiao-mei-95-5,814
negar-kordi,321663
yin-jiao-shou-32,343977
lu-pu-tao-21,84067
veritata,54620
taoojp,100447
shan-liang-qiang-ge,19
xubinlvshi,182841
lei-mei-tai-si-15,89797
ji-le-18,134360
biglau,16040
xie-yi-wei-57,59050
ekamiao,118513
qin-ying-lei,13
xingke-think,74745
nidexiaokeai,54507
mishisi,195930
shi-xuan-dao,41315
obimage,24444
shen-tu-xi-guang,16260
chivn,40772
zhu-yu-xin-80,84491
sizhuren,739153
ze.ran,316315
tang-que,341924
yinshoufu,175635
douzishushu,359469
windleavez,185656
shaofeidu,275634
dong-ji-zai-hang-zhou,600237
mileijun,242356
maimu,158865
calistawang,72988
GOUKI9999,32251
rou-wang-wan,140805
shao-su-89-86,124252
gui-duo-da-lai-zuo,181797
xuxiaoteng,117941
guan-mao-12,73801
alexya,117577
monica-sweet,1
winter-25,112505
lydia-62,150966
yixiao-feng-yun-guo,190398
libiubiu,177849
huolaoye,202207
wangnuonuo,393907
zhang-jing-88-76,252294
da-tou-bang-zhu,121507
jeffz,149042
excited-vczh,766955
pansz,238468
yun-mo-yu,11860
dingge,24483
zhangyingfeng,122010
hao-hao-98-46-94,16015
ccc-zhao,41553
gu-xiao-ren-38,5176
4everandever,95276
worldcitizen,35557
tong-yao-20-46,53544
chao-xi-jun-w,7753
F_falcon,70377
lisongwei,521293
ma-bo-yong,702009
junlin_1980,243338
haoqishiyanshi,223798
aton,194345
pydison,69019
boxun,381280
ccat,411743
enostyle,186080
ChenZhangyu,590912
chenbailing,597449
li-ao-wen,91094
gao-ke-69,597256
charmingyou,832
su-fei-17,421756
lzy135,171893
warfalcon,655419
raymond-wang,590688
zhou-xiao-nong,497620
linan,434439
gejinyuban,667352
zhang-xiao-bei,731668
magie,580351
amuro1230,740190
imike,846265
zhouyuan,929882
jixin,862085
liangbianyao,679869
valarmorghulis,77430
ayat,166720
kaiserwangsitu,301544
magasa,487924
leng-zhe,290785
liuniandate,305256
e-miao-de-nai-ba,449767
bo-cai-28-7,435276
cai-tong,654347
fadsfkgfew,197179
yolfilm,800142
zhu-xuan-86,740828
zhang-jia-wei,1846928
imWangchu,342781
wangxiaofeng,319280
kaifulee,1062253
ou-yang-kai-tai,1096
chenqin,511380
meagloria,159236
jin-yu-99,10
wang-peng-54-5,376
jack-feng-58,2
meng-de-er,279149
luckystar,140766
lanlingyeyu,47017
MrToyy,264233
zhou-zuo,41698
redmio-nakamura,7
chenguniang,77
