glaxyrover,38211
ttcaijing,533
chihuowushuang,2557
reinhardtjin,48366
hua-er-jie-jian-wen,23262
xiayu1573,21118
lfyluofeiyu,30633
xu-zhe-42,94931
chi-ying-cai-fu,4269
busch,75833
shi-yu-50-53-35,21525
li-lei-30-42,7621
zhang-san-81-4,22528
aaron.wenju,3174
xu-ruo-96,668
