xia-xia-17,136918
a-niu-a-niu,12653
di-zhu-51-18,4629
lin-jiao-zi,7
jiu-wei-sang-snake,121
