verycool,22449
zhang-lu-ze-50,60
zhang-jing-feng-18-10,79
nison-92,1
wang-rong-cong-70,1
bu-ming-92-64,2
bu-lai-fang-xi-li-35,13
ai-sheng-tan-qi-34-53,2
tian-he-76-47,56
yu-jian-hong-27-70,4
ta-men-du-jiao-wo-jiang-shao,1
