260019604,161
huo-rong-an-quan-shi-yan-shi,33037
yi-xiang-hao-ju-65,2562
yu-sheng-yan-6-78,989
carol-xia-yan,13918
mr1900-1900,45925
huangsunting,6618
yang-gang-53-79,120
ccat,411718
Uncleleslie,75736
tian-yi-miao-26,2730
KONGQINGLIANG,703
husky0708,115930
sen-ro,4090
su-sha-jiu,4572
kukmoon,29264
feminism,22324
tan-zhi-hao-76,429
ksqc,927
sakearoma,4674
