huo-zeng-wei,3
beyondthedata,6
a-li-yun-yun-qi-she-qu-48,94045
tian-teng-fei-27,2
yang-xu-dong-6,454
chenyunwen,3669
tong-mu-chen-xuan,657
wu-xi-yu-93,280
zhang-de-bing-78,624
xiang578,23
reseted1506510839,599
tian-xin-54-47,196
xdwangh,319
jian-xu-12,726
menc01,2293
guo.yuan,17
ma-feng-wo-zi-you-xing,92891
huaqingsong,2684
susht,1683
ZeapLearning,2354
