betachen,6829
dahongfei,2818
lebanner,14478
lan-mei-ping-ce,5996
li-bei-qia-64,93460
ccat,411537
zhang-___-jia-67,9707
lonelyplanet-15,26849
bbking,57318
gan-jian-ping,1663
laufei,149336
chen-da-hua-666,91579
qixiaodian,22956
FireWolf,29677
soulframe1985,29788
mu-jiang-xiao-qiang,113332
cebulski,20431
mali,431735
xuwei1229,100948
chai-tian-shu,317
wangnuonuo,393888
lie-am,6862
huanghai28,11394
lu-mai-37,13124
xie-zhen-6,2913
maopucheng,3180
fan-wei-feng-45,575
uncleking,24213
wangyi,9434
da-da-da-zhang-yu,252
ygwang,8025
jia-qian-55-73,21886
daniel-4-67,3013
jeffreyli,4749
sang-wen-feng,11519
rr-ee,12761
zhang-yi-yuan-52,3679
langelic,14063
yopein,17
thethief,6273
zhiguantt,42853
wenzhe-li,10074
miro02138,129158
be_simple,129
philren,7820
Padmasambhava,183566
he-ming-ke,302906
yu-jun,59616
ichenuonuo,42213
guo-zi-501,524001
ma-qian-zu,456611
li-zi-qing-68-6,3376
bao-zui-tun,19784
qiong-you-jin-nang,349146
zwwang,2886
simonzhang1,47792
wang-mie-mie-sirius,12541
li-zhi-gang-2,19785
jjjjim,394
xiaoxueli,50369
chuang-li-chuang-wai,30084
chrisji-yun-yan,3868
xiao-liu-liu-77,5732
wang-ke-xin-50-28,52710
zai-pang-ye-shi-xiao-xian-nu,4264
noahgu,29784
scarlettwei,126291
sa-bei-ning-laopo,73572
bai-bai-bai-49-23,982
zhao-feng-ran,10521
yu-wei-ba-85,2367
SONG-OF-SIREN,42367
dong-xiao-jie-27-34,3249
miaomiao-mao-5,3263
zhen-ni-jennifer,483
wang-huo-huo-8-47,459
stephanieyu,19546
xu-yun-xun,280
candyyu,1601
li-si-hui-72-58,6157
qiangdaoyanjingle,6213
shi-nian-yi,42132
xiao-dian-65,32809
wang-ji-ci-78,9037
nu-wang-da-ren-48-24,3658
hxxii56,4002
excited-vczh,766807
billhan,113927
dongdongqiang,207084
vincentskywalker,13992
ni-ke-la-82,28661
will-wang-69,4116
aullik5,64301
nasi,649
coder-m,689
zhao-xiang-50,375
peteryao,3837
darkthree,2408
jason-huang,3025
kai-si-13,1383
boyu,11703
qin.chao,157845
wang-hua,15372
kaiqu,47315
tucaogui,3712
wu-hou-kuang-shui-34,5772
watsonxu,1542
ding-ding-li-xian-ji,19
wang-yi-ke-7,254
wang-lin-83-53,111872
wu-ze-yong,62758
fenng,338329
tong-wei-liang,2510
ma-bo-yong,701937
sharon-li-19,22
emily-lou,44835
chen-xi-43-38,22988
edtall,260525
junlin_1980,243324
charlie,8976
huang-pei-hua,2993
xu-chen,2003
imike,846065
chibaole,371545
wayneshiong,13767
diao-ye,23993
gejinyuban,667325
jiaoshoutv,281071
yolfilm,800092
hecaitou,286581
huang-dao-wei-xin,2180
GUAN,481
ya-mi,32
chen-da-zhu,7472
yang,8022
shen,134198
