jiong-shen-94,192
zhi-hu-shu-dian,60464
AnonymousLive,68354
chenxy667788,43892
a1796854,2886
chenlq.net,10663
mon1st,58077
ta-shan-gong-yu-zhi-shi,73
zhu-wan-gang-82,392
Yefeng7,19665
chensicheng,148
xiaohuzc,2441
li-jian-qiu,109709
richard1989,13005
jin-wei-24-96,358
chu-le-75,109723
zidongjiashi,3077
chong-meng,75010
jing-lue-ji-zhi,29888
alphasquad,15296
luo-yun-614,5159
breaknever,36251
li-xu-ran-94,150019
one-kebab,30894
fatfox10,82312
xiaozhi-22-4,982
di-ping-xian-ji-qi-ren-ji-shu,15104
xia-chu-fang,531502
BIGBALLON,2927
vinjn,19251
thoughtworks-zhong-guo,9087
he-zhi-yuan-16,11007
xu-huan-xin-henry,17
shen-hui-freeman,98
dong-shan-ba-leyijing-wei-ma,1
xiaopengmotors,720
krqdl,4902
frombeijingwithlove,15651
matongxue,69438
ucloud-yun-ji-suan,14089
