2prime,5664
steven-ke,1729
shijianju,94684
xu-guo-xi,24094
salvatore-55-82,988
xiaomei-japan,56446
tian-xiao-yu-24,4728
lu-mei-36-63,6992
pingcejun,93035
wallst-bear,43827
lei-mei-tai-si-15,89787
yamada-kun,21616
quedeyu,877
by-to-55,5011
excited-vczh,766631
lidang,86657
bboczeng,58635
darrrrcy,24603
zhihu_marketing,26204
bruceashbey,9787
hxinhe,3207
bi-xiao-tian-99,105270
dongkeren,77639
meng-qi-qi-qi-qi-16,1565
fei-xian-xing-28,5861
sui-bing-65,64357
yang-lei-96-72,24060
di_diao,289
littleant,4183
yida-kou-mei-shi-bang-xiao-kuan,27988
zhou-xiao-rou-63,132165
dangyuanchu,5298
rob-wen,43324
liu-liu-73-56,6336
babyquant,21177
ying-jing-miko,8427
lu-ming-21-35,19690
yang-ying-feng-7,11718
laotun,63726
hongchenguo1987,6732
song-si-yuan,29048
lu-yang-43,1975
neol,4209
li-teng-13,98164
wenguang-92,3642
luwangshan,13706
900kg,17390
vinceyu1,12647
kuhasu,17024
hang-li,8942
Alexchaosong,18468
lichengang,40877
ri-liao-ge-tian-77,3596
chen-zhuo-49,60783
a-qi-72-25,2498
lu-lu-lu-90-94,34076
yin-jiao-shou-32,343960
alpha-59,14705
li-shao-quan-18,55486
juliana-yang,44804
8825252,16263
coolbrain,129819
liuxia.530,2416
tomhall,930
moleculartrader,1037
gulzira-hushtar,1052
divinites,170008
kangjian,5595
wang-jian-1-42,5996
deng-jie-35,4421
poeho,17323
id47,100349
dannyw,135000
acel-rovsion,70238
Daniel_Lu,1724
shi-hong-7,2403
liu-lei-21-44,4133
xingrima,41836
youhuiwu,25220
traderusingpython,40100
edward-fu-91,16935
xuanju,1029
owiser,35039
FantasticCathy,209217
pan-yue-66,12316
he-ming-ke,302483
knowurself,121992
binka,464922
jingyi-liu-11,20351
tong-xin-72,3959
su-dong-15,957
moohan,5054
solarman,977
zhi-bu-zhi-dao-ni,69
peng-mu-91,3923
mei-teng-tian,82684
adrainwang,13206
