ding-ding-20-9,21
hao-ge-75-66,176
sunny-6,243
lu-chen-xi-9-98,108669
ice1000,8052
google-gu-ge,3758
ji-zhu-wang-11,1519
zhang-ding-jian-fei,6491
qiao-qiao-7-50-26,24
qing-zhou-66-73,13465
FalconLeo,31901
leng-zhe,290599
sumedha,7092
chen-guan-zhou-55,380
an-hu-zhi,1733
sun-lu-66-67,68772
he-guang-tong-chen-6-34,129
kannzaki_minemasa,5447
shun-chao-89,31492
spto,141377
