Tian-Hao-,204031
